Supplemental results for CODEML (seqf: align.phy  treef: tree)


dN/dS (w) for site classes (K=4)

site class             0        1       2a       2b
proportion       1.00000  0.00000  0.00000  0.00000
background w     0.17130  1.00000  0.17130  1.00000
foreground w     0.17130  1.00000  1.00000  1.00000

Naive Empirical Bayes (NEB) probabilities for 4 classes
(amino acids refer to 1st sequence: Cadus)

   1 M   1.00000 0.00000 0.00000 0.00000 ( 1)
   2 A   1.00000 0.00000 0.00000 0.00000 ( 1)
   3 Q   1.00000 0.00000 0.00000 0.00000 ( 1)
   4 K   1.00000 0.00000 0.00000 0.00000 ( 1)
   5 P   1.00000 0.00000 0.00000 0.00000 ( 1)
   6 L   1.00000 0.00000 0.00000 0.00000 ( 1)
   7 R   1.00000 0.00000 0.00000 0.00000 ( 1)
   8 L   1.00000 0.00000 0.00000 0.00000 ( 1)
   9 L   1.00000 0.00000 0.00000 0.00000 ( 1)
  10 *   1.00000 0.00000 0.00000 0.00000 ( 1)
  11 C   1.00000 0.00000 0.00000 0.00000 ( 1)
  12 G   1.00000 0.00000 0.00000 0.00000 ( 1)
  13 D   1.00000 0.00000 0.00000 0.00000 ( 1)
  14 V   1.00000 0.00000 0.00000 0.00000 ( 1)
  15 E   1.00000 0.00000 0.00000 0.00000 ( 1)
  16 G   1.00000 0.00000 0.00000 0.00000 ( 1)
  17 K   1.00000 0.00000 0.00000 0.00000 ( 1)
  18 F   1.00000 0.00000 0.00000 0.00000 ( 1)
  19 D   1.00000 0.00000 0.00000 0.00000 ( 1)
  20 V   1.00000 0.00000 0.00000 0.00000 ( 1)
  21 L   1.00000 0.00000 0.00000 0.00000 ( 1)
  22 F   1.00000 0.00000 0.00000 0.00000 ( 1)
  23 N   1.00000 0.00000 0.00000 0.00000 ( 1)
  24 R   1.00000 0.00000 0.00000 0.00000 ( 1)
  25 V   1.00000 0.00000 0.00000 0.00000 ( 1)
  26 R   1.00000 0.00000 0.00000 0.00000 ( 1)
  27 A   1.00000 0.00000 0.00000 0.00000 ( 1)
  28 I   1.00000 0.00000 0.00000 0.00000 ( 1)
  29 Q   1.00000 0.00000 0.00000 0.00000 ( 1)
  30 K   1.00000 0.00000 0.00000 0.00000 ( 1)
  31 K   1.00000 0.00000 0.00000 0.00000 ( 1)
  32 S   1.00000 0.00000 0.00000 0.00000 ( 1)
  33 G   1.00000 0.00000 0.00000 0.00000 ( 1)
  34 N   1.00000 0.00000 0.00000 0.00000 ( 1)
  35 F   1.00000 0.00000 0.00000 0.00000 ( 1)
  36 D   1.00000 0.00000 0.00000 0.00000 ( 1)
  37 L   1.00000 0.00000 0.00000 0.00000 ( 1)
  38 L   1.00000 0.00000 0.00000 0.00000 ( 1)
  39 L   1.00000 0.00000 0.00000 0.00000 ( 1)
  40 C   1.00000 0.00000 0.00000 0.00000 ( 1)
  41 V   1.00000 0.00000 0.00000 0.00000 ( 1)
  42 G   1.00000 0.00000 0.00000 0.00000 ( 1)
  43 N   1.00000 0.00000 0.00000 0.00000 ( 1)
  44 F   1.00000 0.00000 0.00000 0.00000 ( 1)
  45 F   1.00000 0.00000 0.00000 0.00000 ( 1)
  46 G   1.00000 0.00000 0.00000 0.00000 ( 1)
  47 S   1.00000 0.00000 0.00000 0.00000 ( 1)
  48 T   1.00000 0.00000 0.00000 0.00000 ( 1)
  49 P   1.00000 0.00000 0.00000 0.00000 ( 1)
  50 D   1.00000 0.00000 0.00000 0.00000 ( 1)
  51 A   1.00000 0.00000 0.00000 0.00000 ( 1)
  52 E   1.00000 0.00000 0.00000 0.00000 ( 1)
  53 W   1.00000 0.00000 0.00000 0.00000 ( 1)
  54 E   1.00000 0.00000 0.00000 0.00000 ( 1)
  55 K   1.00000 0.00000 0.00000 0.00000 ( 1)
  56 Y   1.00000 0.00000 0.00000 0.00000 ( 1)
  57 K   1.00000 0.00000 0.00000 0.00000 ( 1)
  58 T   1.00000 0.00000 0.00000 0.00000 ( 1)
  59 G   1.00000 0.00000 0.00000 0.00000 ( 1)
  60 I   1.00000 0.00000 0.00000 0.00000 ( 1)
  61 K   1.00000 0.00000 0.00000 0.00000 ( 1)
  62 K   1.00000 0.00000 0.00000 0.00000 ( 1)
  63 A   1.00000 0.00000 0.00000 0.00000 ( 1)
  64 P   1.00000 0.00000 0.00000 0.00000 ( 1)
  65 I   1.00000 0.00000 0.00000 0.00000 ( 1)
  66 Q   1.00000 0.00000 0.00000 0.00000 ( 1)
  67 T   1.00000 0.00000 0.00000 0.00000 ( 1)
  68 Y   1.00000 0.00000 0.00000 0.00000 ( 1)
  69 V   1.00000 0.00000 0.00000 0.00000 ( 1)
  70 L   1.00000 0.00000 0.00000 0.00000 ( 1)
  71 G   1.00000 0.00000 0.00000 0.00000 ( 1)
  72 A   1.00000 0.00000 0.00000 0.00000 ( 1)
  73 N   1.00000 0.00000 0.00000 0.00000 ( 1)
  74 N   1.00000 0.00000 0.00000 0.00000 ( 1)
  75 Q   1.00000 0.00000 0.00000 0.00000 ( 1)
  76 E   1.00000 0.00000 0.00000 0.00000 ( 1)
  77 T   1.00000 0.00000 0.00000 0.00000 ( 1)
  78 V   1.00000 0.00000 0.00000 0.00000 ( 1)
  79 K   1.00000 0.00000 0.00000 0.00000 ( 1)
  80 Y   1.00000 0.00000 0.00000 0.00000 ( 1)
  81 F   1.00000 0.00000 0.00000 0.00000 ( 1)
  82 Q   1.00000 0.00000 0.00000 0.00000 ( 1)
  83 D   1.00000 0.00000 0.00000 0.00000 ( 1)
  84 A   1.00000 0.00000 0.00000 0.00000 ( 1)
  85 D   1.00000 0.00000 0.00000 0.00000 ( 1)
  86 G   1.00000 0.00000 0.00000 0.00000 ( 1)
  87 C   1.00000 0.00000 0.00000 0.00000 ( 1)
  88 E   1.00000 0.00000 0.00000 0.00000 ( 1)
  89 L   1.00000 0.00000 0.00000 0.00000 ( 1)
  90 A   1.00000 0.00000 0.00000 0.00000 ( 1)
  91 E   1.00000 0.00000 0.00000 0.00000 ( 1)
  92 N   1.00000 0.00000 0.00000 0.00000 ( 1)
  93 I   1.00000 0.00000 0.00000 0.00000 ( 1)
  94 T   1.00000 0.00000 0.00000 0.00000 ( 1)
  95 Y   1.00000 0.00000 0.00000 0.00000 ( 1)
  96 L   1.00000 0.00000 0.00000 0.00000 ( 1)
  97 G   1.00000 0.00000 0.00000 0.00000 ( 1)
  98 R   1.00000 0.00000 0.00000 0.00000 ( 1)
  99 K   1.00000 0.00000 0.00000 0.00000 ( 1)
 100 G   1.00000 0.00000 0.00000 0.00000 ( 1)
 101 I   1.00000 0.00000 0.00000 0.00000 ( 1)
 102 F   1.00000 0.00000 0.00000 0.00000 ( 1)
 103 T   1.00000 0.00000 0.00000 0.00000 ( 1)
 104 G   1.00000 0.00000 0.00000 0.00000 ( 1)
 105 S   1.00000 0.00000 0.00000 0.00000 ( 1)
 106 S   1.00000 0.00000 0.00000 0.00000 ( 1)
 107 G   1.00000 0.00000 0.00000 0.00000 ( 1)
 108 L   1.00000 0.00000 0.00000 0.00000 ( 1)
 109 Q   1.00000 0.00000 0.00000 0.00000 ( 1)
 110 I   1.00000 0.00000 0.00000 0.00000 ( 1)
 111 V   1.00000 0.00000 0.00000 0.00000 ( 1)
 112 Y   1.00000 0.00000 0.00000 0.00000 ( 1)
 113 L   1.00000 0.00000 0.00000 0.00000 ( 1)
 114 S   1.00000 0.00000 0.00000 0.00000 ( 1)
 115 G   1.00000 0.00000 0.00000 0.00000 ( 1)
 116 T   1.00000 0.00000 0.00000 0.00000 ( 1)
 117 E   1.00000 0.00000 0.00000 0.00000 ( 1)
 118 S   1.00000 0.00000 0.00000 0.00000 ( 1)
 119 L   1.00000 0.00000 0.00000 0.00000 ( 1)
 120 N   1.00000 0.00000 0.00000 0.00000 ( 1)
 121 E   1.00000 0.00000 0.00000 0.00000 ( 1)
 122 P   1.00000 0.00000 0.00000 0.00000 ( 1)
 123 *   1.00000 0.00000 0.00000 0.00000 ( 1)
 124 -   1.00000 0.00000 0.00000 0.00000 ( 1)
 125 -   1.00000 0.00000 0.00000 0.00000 ( 1)
 126 -   1.00000 0.00000 0.00000 0.00000 ( 1)
 127 -   1.00000 0.00000 0.00000 0.00000 ( 1)
 128 -   1.00000 0.00000 0.00000 0.00000 ( 1)
 129 -   1.00000 0.00000 0.00000 0.00000 ( 1)
 130 -   1.00000 0.00000 0.00000 0.00000 ( 1)
 131 -   1.00000 0.00000 0.00000 0.00000 ( 1)
 132 -   1.00000 0.00000 0.00000 0.00000 ( 1)
 133 -   1.00000 0.00000 0.00000 0.00000 ( 1)
 134 -   1.00000 0.00000 0.00000 0.00000 ( 1)
 135 -   1.00000 0.00000 0.00000 0.00000 ( 1)
 136 -   1.00000 0.00000 0.00000 0.00000 ( 1)
 137 -   1.00000 0.00000 0.00000 0.00000 ( 1)
 138 -   1.00000 0.00000 0.00000 0.00000 ( 1)
 139 -   1.00000 0.00000 0.00000 0.00000 ( 1)
 140 -   1.00000 0.00000 0.00000 0.00000 ( 1)
 141 -   1.00000 0.00000 0.00000 0.00000 ( 1)
 142 -   1.00000 0.00000 0.00000 0.00000 ( 1)
 143 -   1.00000 0.00000 0.00000 0.00000 ( 1)
 144 -   1.00000 0.00000 0.00000 0.00000 ( 1)
 145 -   1.00000 0.00000 0.00000 0.00000 ( 1)
 146 -   1.00000 0.00000 0.00000 0.00000 ( 1)
 147 -   1.00000 0.00000 0.00000 0.00000 ( 1)
 148 -   1.00000 0.00000 0.00000 0.00000 ( 1)
 149 -   1.00000 0.00000 0.00000 0.00000 ( 1)
 150 -   1.00000 0.00000 0.00000 0.00000 ( 1)
 151 -   1.00000 0.00000 0.00000 0.00000 ( 1)
 152 -   1.00000 0.00000 0.00000 0.00000 ( 1)
 153 -   1.00000 0.00000 0.00000 0.00000 ( 1)
 154 -   1.00000 0.00000 0.00000 0.00000 ( 1)
 155 -   1.00000 0.00000 0.00000 0.00000 ( 1)
 156 *   1.00000 0.00000 0.00000 0.00000 ( 1)
 157 W   1.00000 0.00000 0.00000 0.00000 ( 1)
 158 P   1.00000 0.00000 0.00000 0.00000 ( 1)
 159 -   1.00000 0.00000 0.00000 0.00000 ( 1)
 160 -   1.00000 0.00000 0.00000 0.00000 ( 1)
 161 -   1.00000 0.00000 0.00000 0.00000 ( 1)
 162 -   1.00000 0.00000 0.00000 0.00000 ( 1)
 163 N   1.00000 0.00000 0.00000 0.00000 ( 1)
 164 F   1.00000 0.00000 0.00000 0.00000 ( 1)
 165 G   1.00000 0.00000 0.00000 0.00000 ( 1)
 166 N   1.00000 0.00000 0.00000 0.00000 ( 1)
 167 S   1.00000 0.00000 0.00000 0.00000 ( 1)
 168 S   1.00000 0.00000 0.00000 0.00000 ( 1)
 169 G   1.00000 0.00000 0.00000 0.00000 ( 1)
 170 E   1.00000 0.00000 0.00000 0.00000 ( 1)
 171 V   1.00000 0.00000 0.00000 0.00000 ( 1)
 172 D   1.00000 0.00000 0.00000 0.00000 ( 1)
 173 T   1.00000 0.00000 0.00000 0.00000 ( 1)
 174 K   1.00000 0.00000 0.00000 0.00000 ( 1)
 175 K   1.00000 0.00000 0.00000 0.00000 ( 1)
 176 C   1.00000 0.00000 0.00000 0.00000 ( 1)
 177 G   1.00000 0.00000 0.00000 0.00000 ( 1)
 178 S   1.00000 0.00000 0.00000 0.00000 ( 1)
 179 A   1.00000 0.00000 0.00000 0.00000 ( 1)
 180 L   1.00000 0.00000 0.00000 0.00000 ( 1)
 181 V   1.00000 0.00000 0.00000 0.00000 ( 1)
 182 S   1.00000 0.00000 0.00000 0.00000 ( 1)
 183 S   1.00000 0.00000 0.00000 0.00000 ( 1)
 184 L   1.00000 0.00000 0.00000 0.00000 ( 1)
 185 A   1.00000 0.00000 0.00000 0.00000 ( 1)
 186 T   1.00000 0.00000 0.00000 0.00000 ( 1)
 187 D   1.00000 0.00000 0.00000 0.00000 ( 1)
 188 L   1.00000 0.00000 0.00000 0.00000 ( 1)
 189 K   1.00000 0.00000 0.00000 0.00000 ( 1)
 190 P   1.00000 0.00000 0.00000 0.00000 ( 1)
 191 R   1.00000 0.00000 0.00000 0.00000 ( 1)
 192 Y   1.00000 0.00000 0.00000 0.00000 ( 1)
 193 H   1.00000 0.00000 0.00000 0.00000 ( 1)
 194 F   1.00000 0.00000 0.00000 0.00000 ( 1)
 195 A   1.00000 0.00000 0.00000 0.00000 ( 1)
 196 A   1.00000 0.00000 0.00000 0.00000 ( 1)
 197 L   1.00000 0.00000 0.00000 0.00000 ( 1)
 198 E   1.00000 0.00000 0.00000 0.00000 ( 1)
 199 K   1.00000 0.00000 0.00000 0.00000 ( 1)
 200 T   1.00000 0.00000 0.00000 0.00000 ( 1)
 201 Y   1.00000 0.00000 0.00000 0.00000 ( 1)
 202 Y   1.00000 0.00000 0.00000 0.00000 ( 1)
 203 E   1.00000 0.00000 0.00000 0.00000 ( 1)
 204 R   1.00000 0.00000 0.00000 0.00000 ( 1)
 205 L   1.00000 0.00000 0.00000 0.00000 ( 1)
 206 P   1.00000 0.00000 0.00000 0.00000 ( 1)
 207 Y   1.00000 0.00000 0.00000 0.00000 ( 1)
 208 R   1.00000 0.00000 0.00000 0.00000 ( 1)
 209 N   1.00000 0.00000 0.00000 0.00000 ( 1)
 210 H   1.00000 0.00000 0.00000 0.00000 ( 1)
 211 I   1.00000 0.00000 0.00000 0.00000 ( 1)
 212 V   1.00000 0.00000 0.00000 0.00000 ( 1)
 213 L   1.00000 0.00000 0.00000 0.00000 ( 1)
 214 Q   1.00000 0.00000 0.00000 0.00000 ( 1)
 215 E   1.00000 0.00000 0.00000 0.00000 ( 1)
 216 N   1.00000 0.00000 0.00000 0.00000 ( 1)
 217 A   1.00000 0.00000 0.00000 0.00000 ( 1)
 218 H   1.00000 0.00000 0.00000 0.00000 ( 1)
 219 H   1.00000 0.00000 0.00000 0.00000 ( 1)
 220 A   1.00000 0.00000 0.00000 0.00000 ( 1)
 221 T   1.00000 0.00000 0.00000 0.00000 ( 1)
 222 R   1.00000 0.00000 0.00000 0.00000 ( 1)
 223 F   1.00000 0.00000 0.00000 0.00000 ( 1)
 224 I   1.00000 0.00000 0.00000 0.00000 ( 1)
 225 A   1.00000 0.00000 0.00000 0.00000 ( 1)
 226 L   1.00000 0.00000 0.00000 0.00000 ( 1)
 227 A   1.00000 0.00000 0.00000 0.00000 ( 1)
 228 N   1.00000 0.00000 0.00000 0.00000 ( 1)
 229 V   1.00000 0.00000 0.00000 0.00000 ( 1)
 230 G   1.00000 0.00000 0.00000 0.00000 ( 1)
 231 N   1.00000 0.00000 0.00000 0.00000 ( 1)
 232 P   1.00000 0.00000 0.00000 0.00000 ( 1)
 233 E   1.00000 0.00000 0.00000 0.00000 ( 1)
 234 K   1.00000 0.00000 0.00000 0.00000 ( 1)
 235 K   1.00000 0.00000 0.00000 0.00000 ( 1)
 236 K   1.00000 0.00000 0.00000 0.00000 ( 1)
 237 Y   1.00000 0.00000 0.00000 0.00000 ( 1)
 238 L   1.00000 0.00000 0.00000 0.00000 ( 1)
 239 Y   1.00000 0.00000 0.00000 0.00000 ( 1)
 240 A   1.00000 0.00000 0.00000 0.00000 ( 1)
 241 F   1.00000 0.00000 0.00000 0.00000 ( 1)
 242 S   1.00000 0.00000 0.00000 0.00000 ( 1)
 243 I   1.00000 0.00000 0.00000 0.00000 ( 1)
 244 V   1.00000 0.00000 0.00000 0.00000 ( 1)
 245 P   1.00000 0.00000 0.00000 0.00000 ( 1)
 246 M   1.00000 0.00000 0.00000 0.00000 ( 1)
 247 K   1.00000 0.00000 0.00000 0.00000 ( 1)
 248 L   1.00000 0.00000 0.00000 0.00000 ( 1)
 249 M   1.00000 0.00000 0.00000 0.00000 ( 1)
 250 E   1.00000 0.00000 0.00000 0.00000 ( 1)
 251 T   1.00000 0.00000 0.00000 0.00000 ( 1)
 252 A   1.00000 0.00000 0.00000 0.00000 ( 1)
 253 E   1.00000 0.00000 0.00000 0.00000 ( 1)
 254 L   1.00000 0.00000 0.00000 0.00000 ( 1)
 255 V   1.00000 0.00000 0.00000 0.00000 ( 1)
 256 K   1.00000 0.00000 0.00000 0.00000 ( 1)
 257 Q   1.00000 0.00000 0.00000 0.00000 ( 1)
 258 P   1.00000 0.00000 0.00000 0.00000 ( 1)
 259 P   1.00000 0.00000 0.00000 0.00000 ( 1)
 260 D   1.00000 0.00000 0.00000 0.00000 ( 1)
 261 V   1.00000 0.00000 0.00000 0.00000 ( 1)
 262 T   1.00000 0.00000 0.00000 0.00000 ( 1)
 263 E   1.00000 0.00000 0.00000 0.00000 ( 1)
 264 N   1.00000 0.00000 0.00000 0.00000 ( 1)
 265 P   1.00000 0.00000 0.00000 0.00000 ( 1)
 266 Y   1.00000 0.00000 0.00000 0.00000 ( 1)
 267 R   1.00000 0.00000 0.00000 0.00000 ( 1)
 268 K   1.00000 0.00000 0.00000 0.00000 ( 1)
 269 S   1.00000 0.00000 0.00000 0.00000 ( 1)
 270 G   1.00000 0.00000 0.00000 0.00000 ( 1)
 271 K   1.00000 0.00000 0.00000 0.00000 ( 1)
 272 E   1.00000 0.00000 0.00000 0.00000 ( 1)
 273 A   1.00000 0.00000 0.00000 0.00000 ( 1)
 274 S   1.00000 0.00000 0.00000 0.00000 ( 1)
 275 M   1.00000 0.00000 0.00000 0.00000 ( 1)
 276 G   1.00000 0.00000 0.00000 0.00000 ( 1)
 277 K   1.00000 0.00000 0.00000 0.00000 ( 1)
 278 Q   1.00000 0.00000 0.00000 0.00000 ( 1)
 279 I   1.00000 0.00000 0.00000 0.00000 ( 1)
 280 S   1.00000 0.00000 0.00000 0.00000 ( 1)
 281 A   1.00000 0.00000 0.00000 0.00000 ( 1)
 282 P   1.00000 0.00000 0.00000 0.00000 ( 1)
 283 E   1.00000 0.00000 0.00000 0.00000 ( 1)
 284 E   1.00000 0.00000 0.00000 0.00000 ( 1)
 285 E   1.00000 0.00000 0.00000 0.00000 ( 1)
 286 S   1.00000 0.00000 0.00000 0.00000 ( 1)
 287 A   1.00000 0.00000 0.00000 0.00000 ( 1)
 288 C   1.00000 0.00000 0.00000 0.00000 ( 1)
 289 Q   1.00000 0.00000 0.00000 0.00000 ( 1)
 290 F   1.00000 0.00000 0.00000 0.00000 ( 1)
 291 F   1.00000 0.00000 0.00000 0.00000 ( 1)
 292 F   1.00000 0.00000 0.00000 0.00000 ( 1)
 293 D   1.00000 0.00000 0.00000 0.00000 ( 1)
 294 L   1.00000 0.00000 0.00000 0.00000 ( 1)
 295 N   1.00000 0.00000 0.00000 0.00000 ( 1)
 296 E   1.00000 0.00000 0.00000 0.00000 ( 1)
 297 K   1.00000 0.00000 0.00000 0.00000 ( 1)
 298 Q   1.00000 0.00000 0.00000 0.00000 ( 1)
 299 G   1.00000 0.00000 0.00000 0.00000 ( 1)
 300 R   1.00000 0.00000 0.00000 0.00000 ( 1)
 301 K   1.00000 0.00000 0.00000 0.00000 ( 1)
 302 R   1.00000 0.00000 0.00000 0.00000 ( 1)
 303 S   1.00000 0.00000 0.00000 0.00000 ( 1)
 304 S   1.00000 0.00000 0.00000 0.00000 ( 1)
 305 T   1.00000 0.00000 0.00000 0.00000 ( 1)
 306 -   1.00000 0.00000 0.00000 0.00000 ( 1)
 307 *   1.00000 0.00000 0.00000 0.00000 ( 1)
 308 D   1.00000 0.00000 0.00000 0.00000 ( 1)
 309 -   1.00000 0.00000 0.00000 0.00000 ( 1)
 310 -   1.00000 0.00000 0.00000 0.00000 ( 1)
 311 -   1.00000 0.00000 0.00000 0.00000 ( 1)
 312 -   1.00000 0.00000 0.00000 0.00000 ( 1)
 313 *   1.00000 0.00000 0.00000 0.00000 ( 1)
 314 P   1.00000 0.00000 0.00000 0.00000 ( 1)
 315 *   1.00000 0.00000 0.00000 0.00000 ( 1)
 316 Q   1.00000 0.00000 0.00000 0.00000 ( 1)
 317 P   1.00000 0.00000 0.00000 0.00000 ( 1)
 318 R   1.00000 0.00000 0.00000 0.00000 ( 1)
 319 K   1.00000 0.00000 0.00000 0.00000 ( 1)
 320 P   1.00000 0.00000 0.00000 0.00000 ( 1)
 321 P   1.00000 0.00000 0.00000 0.00000 ( 1)
 322 Q   1.00000 0.00000 0.00000 0.00000 ( 1)
 323 P   1.00000 0.00000 0.00000 0.00000 ( 1)
 324 P   1.00000 0.00000 0.00000 0.00000 ( 1)
 325 G   1.00000 0.00000 0.00000 0.00000 ( 1)
 326 P   1.00000 0.00000 0.00000 0.00000 ( 1)
 327 C   1.00000 0.00000 0.00000 0.00000 ( 1)
 328 W   1.00000 0.00000 0.00000 0.00000 ( 1)
 329 F   1.00000 0.00000 0.00000 0.00000 ( 1)
 330 C   1.00000 0.00000 0.00000 0.00000 ( 1)
 331 L   1.00000 0.00000 0.00000 0.00000 ( 1)
 332 A   1.00000 0.00000 0.00000 0.00000 ( 1)
 333 S   1.00000 0.00000 0.00000 0.00000 ( 1)
 334 P   1.00000 0.00000 0.00000 0.00000 ( 1)
 335 E   1.00000 0.00000 0.00000 0.00000 ( 1)
 336 V   1.00000 0.00000 0.00000 0.00000 ( 1)
 337 E   1.00000 0.00000 0.00000 0.00000 ( 1)
 338 K   1.00000 0.00000 0.00000 0.00000 ( 1)
 339 H   1.00000 0.00000 0.00000 0.00000 ( 1)
 340 L   1.00000 0.00000 0.00000 0.00000 ( 1)
 341 V   1.00000 0.00000 0.00000 0.00000 ( 1)
 342 V   1.00000 0.00000 0.00000 0.00000 ( 1)
 343 N   1.00000 0.00000 0.00000 0.00000 ( 1)
 344 I   1.00000 0.00000 0.00000 0.00000 ( 1)
 345 G   1.00000 0.00000 0.00000 0.00000 ( 1)
 346 T   1.00000 0.00000 0.00000 0.00000 ( 1)
 347 H   1.00000 0.00000 0.00000 0.00000 ( 1)
 348 -   1.00000 0.00000 0.00000 0.00000 ( 1)
 349 -   1.00000 0.00000 0.00000 0.00000 ( 1)
 350 -   1.00000 0.00000 0.00000 0.00000 ( 1)
 351 -   1.00000 0.00000 0.00000 0.00000 ( 1)
 352 -   1.00000 0.00000 0.00000 0.00000 ( 1)
 353 -   1.00000 0.00000 0.00000 0.00000 ( 1)
 354 -   1.00000 0.00000 0.00000 0.00000 ( 1)
 355 -   1.00000 0.00000 0.00000 0.00000 ( 1)
 356 -   1.00000 0.00000 0.00000 0.00000 ( 1)
 357 -   1.00000 0.00000 0.00000 0.00000 ( 1)
 358 -   1.00000 0.00000 0.00000 0.00000 ( 1)
 359 -   1.00000 0.00000 0.00000 0.00000 ( 1)
 360 -   1.00000 0.00000 0.00000 0.00000 ( 1)
 361 -   1.00000 0.00000 0.00000 0.00000 ( 1)
 362 -   1.00000 0.00000 0.00000 0.00000 ( 1)
 363 -   1.00000 0.00000 0.00000 0.00000 ( 1)
 364 -   1.00000 0.00000 0.00000 0.00000 ( 1)
 365 -   1.00000 0.00000 0.00000 0.00000 ( 1)
 366 -   1.00000 0.00000 0.00000 0.00000 ( 1)
 367 -   1.00000 0.00000 0.00000 0.00000 ( 1)
 368 -   1.00000 0.00000 0.00000 0.00000 ( 1)
 369 -   1.00000 0.00000 0.00000 0.00000 ( 1)
 370 -   1.00000 0.00000 0.00000 0.00000 ( 1)
 371 -   1.00000 0.00000 0.00000 0.00000 ( 1)
 372 -   1.00000 0.00000 0.00000 0.00000 ( 1)
 373 -   1.00000 0.00000 0.00000 0.00000 ( 1)
 374 -   1.00000 0.00000 0.00000 0.00000 ( 1)
 375 -   1.00000 0.00000 0.00000 0.00000 ( 1)
 376 -   1.00000 0.00000 0.00000 0.00000 ( 1)
 377 -   1.00000 0.00000 0.00000 0.00000 ( 1)
 378 -   1.00000 0.00000 0.00000 0.00000 ( 1)
 379 -   1.00000 0.00000 0.00000 0.00000 ( 1)
 380 -   1.00000 0.00000 0.00000 0.00000 ( 1)
 381 -   1.00000 0.00000 0.00000 0.00000 ( 1)
 382 -   1.00000 0.00000 0.00000 0.00000 ( 1)
 383 -   1.00000 0.00000 0.00000 0.00000 ( 1)
 384 -   1.00000 0.00000 0.00000 0.00000 ( 1)
 385 -   1.00000 0.00000 0.00000 0.00000 ( 1)
 386 -   1.00000 0.00000 0.00000 0.00000 ( 1)
 387 -   1.00000 0.00000 0.00000 0.00000 ( 1)
 388 -   1.00000 0.00000 0.00000 0.00000 ( 1)
 389 -   1.00000 0.00000 0.00000 0.00000 ( 1)
 390 -   1.00000 0.00000 0.00000 0.00000 ( 1)
 391 -   1.00000 0.00000 0.00000 0.00000 ( 1)
 392 -   1.00000 0.00000 0.00000 0.00000 ( 1)
 393 -   1.00000 0.00000 0.00000 0.00000 ( 1)
 394 -   1.00000 0.00000 0.00000 0.00000 ( 1)
 395 -   1.00000 0.00000 0.00000 0.00000 ( 1)
 396 -   1.00000 0.00000 0.00000 0.00000 ( 1)
 397 *   1.00000 0.00000 0.00000 0.00000 ( 1)
 398 *   1.00000 0.00000 0.00000 0.00000 ( 1)
 399 *   1.00000 0.00000 0.00000 0.00000 ( 1)
 400 K   1.00000 0.00000 0.00000 0.00000 ( 1)
 401 R   1.00000 0.00000 0.00000 0.00000 ( 1)
 402 C   1.00000 0.00000 0.00000 0.00000 ( 1)
 403 V   1.00000 0.00000 0.00000 0.00000 ( 1)
 404 L   1.00000 0.00000 0.00000 0.00000 ( 1)
 405 F   1.00000 0.00000 0.00000 0.00000 ( 1)
 406 E   1.00000 0.00000 0.00000 0.00000 ( 1)
 407 R   1.00000 0.00000 0.00000 0.00000 ( 1)
 408 N   1.00000 0.00000 0.00000 0.00000 ( 1)
 409 Y   1.00000 0.00000 0.00000 0.00000 ( 1)
 410 K   1.00000 0.00000 0.00000 0.00000 ( 1)
 411 S   1.00000 0.00000 0.00000 0.00000 ( 1)
 412 H   1.00000 0.00000 0.00000 0.00000 ( 1)
 413 H   1.00000 0.00000 0.00000 0.00000 ( 1)
 414 L   1.00000 0.00000 0.00000 0.00000 ( 1)
 415 Q   1.00000 0.00000 0.00000 0.00000 ( 1)
 416 L   1.00000 0.00000 0.00000 0.00000 ( 1)
 417 Q   1.00000 0.00000 0.00000 0.00000 ( 1)
 418 -   1.00000 0.00000 0.00000 0.00000 ( 1)
 419 -   1.00000 0.00000 0.00000 0.00000 ( 1)
 420 -   1.00000 0.00000 0.00000 0.00000 ( 1)
 421 -   1.00000 0.00000 0.00000 0.00000 ( 1)
 422 -   1.00000 0.00000 0.00000 0.00000 ( 1)
 423 -   1.00000 0.00000 0.00000 0.00000 ( 1)
 424 -   1.00000 0.00000 0.00000 0.00000 ( 1)
 425 -   1.00000 0.00000 0.00000 0.00000 ( 1)
 426 -   1.00000 0.00000 0.00000 0.00000 ( 1)
 427 -   1.00000 0.00000 0.00000 0.00000 ( 1)
 428 -   1.00000 0.00000 0.00000 0.00000 ( 1)
 429 -   1.00000 0.00000 0.00000 0.00000 ( 1)
 430 -   1.00000 0.00000 0.00000 0.00000 ( 1)
 431 -   1.00000 0.00000 0.00000 0.00000 ( 1)
 432 -   1.00000 0.00000 0.00000 0.00000 ( 1)
 433 -   1.00000 0.00000 0.00000 0.00000 ( 1)
 434 -   1.00000 0.00000 0.00000 0.00000 ( 1)
 435 -   1.00000 0.00000 0.00000 0.00000 ( 1)
 436 -   1.00000 0.00000 0.00000 0.00000 ( 1)
 437 -   1.00000 0.00000 0.00000 0.00000 ( 1)
 438 -   1.00000 0.00000 0.00000 0.00000 ( 1)
 439 -   1.00000 0.00000 0.00000 0.00000 ( 1)
 440 -   1.00000 0.00000 0.00000 0.00000 ( 1)
 441 -   1.00000 0.00000 0.00000 0.00000 ( 1)
 442 -   1.00000 0.00000 0.00000 0.00000 ( 1)
 443 -   1.00000 0.00000 0.00000 0.00000 ( 1)
 444 -   1.00000 0.00000 0.00000 0.00000 ( 1)
 445 -   1.00000 0.00000 0.00000 0.00000 ( 1)
 446 -   1.00000 0.00000 0.00000 0.00000 ( 1)
 447 -   1.00000 0.00000 0.00000 0.00000 ( 1)
 448 -   1.00000 0.00000 0.00000 0.00000 ( 1)
 449 -   1.00000 0.00000 0.00000 0.00000 ( 1)
 450 -   1.00000 0.00000 0.00000 0.00000 ( 1)
 451 -   1.00000 0.00000 0.00000 0.00000 ( 1)
 452 -   1.00000 0.00000 0.00000 0.00000 ( 1)
 453 -   1.00000 0.00000 0.00000 0.00000 ( 1)
 454 -   1.00000 0.00000 0.00000 0.00000 ( 1)
 455 -   1.00000 0.00000 0.00000 0.00000 ( 1)
 456 -   1.00000 0.00000 0.00000 0.00000 ( 1)
 457 -   1.00000 0.00000 0.00000 0.00000 ( 1)
 458 I   1.00000 0.00000 0.00000 0.00000 ( 1)
 459 A   1.00000 0.00000 0.00000 0.00000 ( 1)
 460 Q   1.00000 0.00000 0.00000 0.00000 ( 1)
 461 P   1.00000 0.00000 0.00000 0.00000 ( 1)
 462 G   1.00000 0.00000 0.00000 0.00000 ( 1)
 463 A   1.00000 0.00000 0.00000 0.00000 ( 1)
 464 A   1.00000 0.00000 0.00000 0.00000 ( 1)
 465 Y   1.00000 0.00000 0.00000 0.00000 ( 1)
 466 F   1.00000 0.00000 0.00000 0.00000 ( 1)
 467 Y   1.00000 0.00000 0.00000 0.00000 ( 1)
 468 *   1.00000 0.00000 0.00000 0.00000 ( 1)
 469 E   1.00000 0.00000 0.00000 0.00000 ( 1)
 470 L   1.00000 0.00000 0.00000 0.00000 ( 1)
 471 D   1.00000 0.00000 0.00000 0.00000 ( 1)
 472 T   1.00000 0.00000 0.00000 0.00000 ( 1)
 473 G   1.00000 0.00000 0.00000 0.00000 ( 1)
 474 E   1.00000 0.00000 0.00000 0.00000 ( 1)
 475 K   1.00000 0.00000 0.00000 0.00000 ( 1)
 476 L   1.00000 0.00000 0.00000 0.00000 ( 1)
 477 F   1.00000 0.00000 0.00000 0.00000 ( 1)
 478 H   1.00000 0.00000 0.00000 0.00000 ( 1)
 479 R   1.00000 0.00000 0.00000 0.00000 ( 1)
 480 I   1.00000 0.00000 0.00000 0.00000 ( 1)
 481 K   1.00000 0.00000 0.00000 0.00000 ( 1)
 482 K   1.00000 0.00000 0.00000 0.00000 ( 1)
 483 N   1.00000 0.00000 0.00000 0.00000 ( 1)
 484 F   1.00000 0.00000 0.00000 0.00000 ( 1)
 485 P   1.00000 0.00000 0.00000 0.00000 ( 1)
 486 L   1.00000 0.00000 0.00000 0.00000 ( 1)
 487 Q   1.00000 0.00000 0.00000 0.00000 ( 1)
 488 F   1.00000 0.00000 0.00000 0.00000 ( 1)
 489 G   1.00000 0.00000 0.00000 0.00000 ( 1)
 490 R   1.00000 0.00000 0.00000 0.00000 ( 1)
 491 E   1.00000 0.00000 0.00000 0.00000 ( 1)
 492 V   1.00000 0.00000 0.00000 0.00000 ( 1)
 493 L   1.00000 0.00000 0.00000 0.00000 ( 1)
 494 A   1.00000 0.00000 0.00000 0.00000 ( 1)
 495 S   1.00000 0.00000 0.00000 0.00000 ( 1)
 496 E   1.00000 0.00000 0.00000 0.00000 ( 1)
 497 A   1.00000 0.00000 0.00000 0.00000 ( 1)
 498 I   1.00000 0.00000 0.00000 0.00000 ( 1)
 499 *   1.00000 0.00000 0.00000 0.00000 ( 1)
 500 N   1.00000 0.00000 0.00000 0.00000 ( 1)
 501 I   1.00000 0.00000 0.00000 0.00000 ( 1)
 502 P   1.00000 0.00000 0.00000 0.00000 ( 1)
 503 D   1.00000 0.00000 0.00000 0.00000 ( 1)
 504 K   1.00000 0.00000 0.00000 0.00000 ( 1)
 505 S   1.00000 0.00000 0.00000 0.00000 ( 1)
 506 *   1.00000 0.00000 0.00000 0.00000 ( 1)
 507 *   1.00000 0.00000 0.00000 0.00000 ( 1)
 508 R   1.00000 0.00000 0.00000 0.00000 ( 1)
 509 Q   1.00000 0.00000 0.00000 0.00000 ( 1)
 510 C   1.00000 0.00000 0.00000 0.00000 ( 1)
 511 Q   1.00000 0.00000 0.00000 0.00000 ( 1)
 512 L   1.00000 0.00000 0.00000 0.00000 ( 1)
 513 S   1.00000 0.00000 0.00000 0.00000 ( 1)
 514 K   1.00000 0.00000 0.00000 0.00000 ( 1)
 515 E   1.00000 0.00000 0.00000 0.00000 ( 1)
 516 E   1.00000 0.00000 0.00000 0.00000 ( 1)
 517 E   1.00000 0.00000 0.00000 0.00000 ( 1)
 518 E   1.00000 0.00000 0.00000 0.00000 ( 1)
 519 M   1.00000 0.00000 0.00000 0.00000 ( 1)
 520 L   1.00000 0.00000 0.00000 0.00000 ( 1)
 521 A   1.00000 0.00000 0.00000 0.00000 ( 1)
 522 R   1.00000 0.00000 0.00000 0.00000 ( 1)
 523 R   1.00000 0.00000 0.00000 0.00000 ( 1)
 524 F   1.00000 0.00000 0.00000 0.00000 ( 1)
 525 R   1.00000 0.00000 0.00000 0.00000 ( 1)
 526 K   1.00000 0.00000 0.00000 0.00000 ( 1)
 527 D   1.00000 0.00000 0.00000 0.00000 ( 1)
 528 F   1.00000 0.00000 0.00000 0.00000 ( 1)
 529 E   1.00000 0.00000 0.00000 0.00000 ( 1)
 530 P   1.00000 0.00000 0.00000 0.00000 ( 1)
 531 F   1.00000 0.00000 0.00000 0.00000 ( 1)
 532 D   1.00000 0.00000 0.00000 0.00000 ( 1)
 533 F   1.00000 0.00000 0.00000 0.00000 ( 1)
 534 T   1.00000 0.00000 0.00000 0.00000 ( 1)
 535 L   1.00000 0.00000 0.00000 0.00000 ( 1)
 536 D   1.00000 0.00000 0.00000 0.00000 ( 1)
 537 D   1.00000 0.00000 0.00000 0.00000 ( 1)


lnL = -2409.431912

