

TREE # 1

  0  0.0000   2428.241766  x:  0.00111   0.00288   0.00166   0.00092   0.00072   0.00174   0.00175   0.00000   0.00328   0.00217   0.00036   0.00165   0.00412   0.00254   0.00666   0.00647   0.00525   0.00798   0.01324   0.00555   0.00125   0.00526   0.00483   0.00515   0.00477   0.00670   0.00221   3.00000   1.15195   0.14906   0.23639  
  1 99.0000   2428.234891  x:  0.00111   0.00288   0.00166   0.00092   0.00072   0.00174   0.00175   0.00000   0.00328   0.00217   0.00036   0.00165   0.00412   0.00254   0.00666   0.00647   0.00525   0.00798   0.01324   0.00555   0.00125   0.00526   0.00482   0.00515   0.00477   0.00670   0.00221   3.00000   1.15195   0.14906   0.23639  
  2 2129.5731   2425.604411  x:  0.00076   0.00252   0.00130   0.00056   0.00036   0.00138   0.00139   0.00000   0.00293   0.00181   0.00000   0.00130   0.00403   0.00229   0.00667   0.00640   0.00525   0.00794   0.01322   0.00550   0.00089   0.00519   0.00469   0.00512   0.00464   0.00661   0.00188   3.00000   1.15196   0.14906   0.23638  
  3 27317.3086   2423.206323  x:  0.00040   0.00217   0.00094   0.00020   0.00000   0.00102   0.00104   0.00000   0.00257   0.00146   0.00000   0.00095   0.00398   0.00206   0.00670   0.00635   0.00524   0.00791   0.01321   0.00547   0.00054   0.00517   0.00460   0.00510   0.00455   0.00656   0.00155   3.00000   1.15196   0.14906   0.23638  
  4 246979.9697   2421.960251  x:  0.00020   0.00197   0.00075   0.00000   0.00000   0.00082   0.00084   0.00000   0.00238   0.00126   0.00000   0.00075   0.00399   0.00188   0.00674   0.00632   0.00519   0.00789   0.01320   0.00550   0.00035   0.00517   0.00451   0.00515   0.00447   0.00651   0.00137   3.00000   1.15196   0.14906   0.23637  
  5 56131.2672   2420.757005  x:  0.00000   0.00177   0.00055   0.00000   0.00000   0.00062   0.00064   0.00000   0.00218   0.00106   0.00000   0.00055   0.00402   0.00153   0.00684   0.00631   0.00530   0.00788   0.01319   0.00551   0.00015   0.00516   0.00445   0.00514   0.00442   0.00648   0.00119   3.00000   1.15196   0.14906   0.23636  
  6 12649.1725   2419.938648  x:  0.00000   0.00162   0.00040   0.00000   0.00000   0.00048   0.00049   0.00000   0.00204   0.00091   0.00000   0.00041   0.00397   0.00123   0.00692   0.00631   0.00525   0.00788   0.01319   0.00547   0.00000   0.00515   0.00446   0.00508   0.00443   0.00648   0.00106   3.00000   1.15196   0.14906   0.23635  
  7 10627.8764   2418.095629  x:  0.00000   0.00122   0.00000   0.00000   0.00000   0.00008   0.00010   0.00000   0.00166   0.00048   0.00000   0.00001   0.00363   0.00086   0.00693   0.00619   0.00532   0.00782   0.01321   0.00535   0.00000   0.00514   0.00456   0.00543   0.00444   0.00648   0.00069   2.99999   1.15196   0.14906   0.23629  
  8 2415.9079   2418.058936  x:  0.00000   0.00121   0.00000   0.00000   0.00000   0.00007   0.00009   0.00000   0.00165   0.00047   0.00000   0.00000   0.00363   0.00086   0.00693   0.00619   0.00532   0.00782   0.01321   0.00535   0.00000   0.00514   0.00456   0.00543   0.00444   0.00648   0.00068   2.99999   1.15196   0.14906   0.23629  
  9 4403.3350   2417.834647  x:  0.00000   0.00115   0.00000   0.00000   0.00000   0.00000   0.00002   0.00000   0.00158   0.00040   0.00000   0.00000   0.00362   0.00085   0.00693   0.00619   0.00532   0.00782   0.01321   0.00534   0.00000   0.00513   0.00454   0.00543   0.00443   0.00647   0.00062   2.99999   1.15196   0.14906   0.23628  
 10 72917.3456   2417.785915  x:  0.00000   0.00113   0.00000   0.00000   0.00000   0.00000   0.00000   0.00000   0.00157   0.00038   0.00000   0.00000   0.00362   0.00084   0.00693   0.00619   0.00532   0.00782   0.01320   0.00534   0.00000   0.00513   0.00454   0.00543   0.00443   0.00647   0.00060   2.99999   1.15196   0.14906   0.23627  
 11 9239.3269   2416.974421  x:  0.00000   0.00077   0.00000   0.00000   0.00000   0.00000   0.00000   0.00000   0.00122   0.00000   0.00000   0.00000   0.00360   0.00075   0.00696   0.00614   0.00532   0.00779   0.01319   0.00531   0.00000   0.00513   0.00451   0.00542   0.00438   0.00644   0.00027   2.99999   1.15196   0.14906   0.23622  
 12 43842.8602   2416.482103  x:  0.00000   0.00048   0.00000   0.00000   0.00000   0.00000   0.00000   0.00000   0.00093   0.00000   0.00000   0.00000   0.00356   0.00068   0.00694   0.00615   0.00532   0.00777   0.01328   0.00534   0.00000   0.00512   0.00448   0.00540   0.00435   0.00642   0.00000   2.99999   1.15196   0.14907   0.23618  
 13 13807.2336   2415.930822  x:  0.00000   0.00000   0.00000   0.00000   0.00000   0.00000   0.00000   0.00000   0.00046   0.00000   0.00000   0.00000   0.00362   0.00059   0.00686   0.00610   0.00532   0.00779   0.01334   0.00524   0.00000   0.00511   0.00440   0.00541   0.00439   0.00641   0.00000   2.99999   1.15196   0.14907   0.23614  
 14 1808.0474   2415.655479  x:  0.00000   0.00000   0.00000   0.00000   0.00000   0.00000   0.00000   0.00000   0.00000   0.00000   0.00000   0.00000   0.00360   0.00056   0.00687   0.00607   0.00532   0.00779   0.01333   0.00524   0.00000   0.00511   0.00437   0.00541   0.00438   0.00640   0.00000   2.99998   1.15196   0.14907   0.23611  
 15 3289.7093   2415.247673  x:  0.00000   0.00000   0.00000   0.00000   0.00000   0.00000   0.00000   0.00000   0.00000   0.00000   0.00000   0.00000   0.00360   0.00000   0.00662   0.00630   0.00532   0.00754   0.01299   0.00501   0.00000   0.00505   0.00458   0.00537   0.00366   0.00614   0.00000   2.99996   1.15197   0.14905   0.23570  
 16 358.0109   2415.241155  x:  0.00000   0.00000   0.00000   0.00000   0.00000   0.00000   0.00000   0.00000   0.00000   0.00000   0.00000   0.00000   0.00361   0.00000   0.00662   0.00634   0.00532   0.00740   0.01297   0.00502   0.00000   0.00506   0.00463   0.00537   0.00384   0.00575   0.00000   2.99998   1.15205   0.14898   0.23542  
 17 18.2366   2413.221722  x:  0.00000   0.00000   0.00000   0.00000   0.00000   0.00000   0.00000   0.00000   0.00000   0.00000   0.00000   0.00000   0.00273   0.00000   0.00621   0.00456   0.00582   0.01308   0.01729   0.00330   0.00000   0.00724   0.00543   0.00467   0.00209   0.00247   0.00000   3.01213   1.21415   0.09229   0.00000  
 18 17.6924   2412.165737  x:  0.00000   0.00000   0.00000   0.00000   0.00000   0.00000   0.00000   0.00000   0.00000   0.00000   0.00000   0.00000   0.00203   0.00000   0.00559   0.00507   0.00624   0.00966   0.01991   0.00188   0.00000   0.00911   0.00332   0.00403   0.00241   0.00349   0.00000   3.02259   1.26766   0.04345   0.00000  
 19 1442.4605   2411.466999  x:  0.00000   0.00000   0.00000   0.00000   0.00000   0.00000   0.00000   0.00000   0.00000   0.00000   0.00000   0.00000   0.00282   0.00000   0.00609   0.00498   0.00600   0.00750   0.02029   0.00283   0.00000   0.01103   0.00199   0.00471   0.00152   0.00365   0.00000   3.03062   1.32174  -0.00423   0.00000  
 20  5.3804   2411.250657  x:  0.00000   0.00000   0.00000   0.00000   0.00000   0.00000   0.00000   0.00000   0.00000   0.00000   0.00000   0.00000   0.00240   0.00000   0.00480   0.00467   0.00616   0.00785   0.01921   0.00339   0.00000   0.01163   0.00174   0.00433   0.00203   0.00378   0.00000   3.03217   1.34474  -0.02287   0.00000  
 21  3.2166   2410.978311  x:  0.00000   0.00000   0.00000   0.00000   0.00000   0.00000   0.00000   0.00000   0.00000   0.00000   0.00000   0.00000   0.00218   0.00000   0.00526   0.00368   0.00634   0.00705   0.01767   0.00363   0.00000   0.01262   0.00280   0.00383   0.00203   0.00412   0.00000   3.03188   1.38299  -0.05120   0.00000  
 22  3.2089   2410.672992  x:  0.00000   0.00000   0.00000   0.00000   0.00000   0.00000   0.00000   0.00000   0.00000   0.00000   0.00000   0.00000   0.00171   0.00000   0.00619   0.00461   0.00642   0.00774   0.01466   0.00369   0.00000   0.01361   0.00274   0.00372   0.00209   0.00411   0.00000   3.02914   1.42190  -0.07720   0.03535  
 23  5.1870   2410.567144  x:  0.00000   0.00000   0.00000   0.00000   0.00000   0.00000   0.00000   0.00000   0.00000   0.00000   0.00000   0.00000   0.00180   0.00000   0.00648   0.00451   0.00628   0.00794   0.01337   0.00349   0.00000   0.01349   0.00238   0.00382   0.00216   0.00400   0.00000   3.02076   1.45833  -0.09844   0.01796  
 24  1.2315   2410.431235  x:  0.00000   0.00000   0.00000   0.00000   0.00000   0.00000   0.00000   0.00000   0.00000   0.00000   0.00000   0.00000   0.00208   0.00000   0.00659   0.00364   0.00606   0.00766   0.01248   0.00322   0.00000   0.01303   0.00208   0.00387   0.00222   0.00392   0.00000   3.00566   1.50232  -0.11884   0.04819  
 25  3.6639   2410.239295  x:  0.00000   0.00000   0.00000   0.00000   0.00000   0.00000   0.00000   0.00000   0.00000   0.00000   0.00000   0.00000   0.00144   0.00000   0.00693   0.00354   0.00575   0.00675   0.01281   0.00326   0.00000   0.01140   0.00171   0.00344   0.00208   0.00372   0.00000   2.96138   1.62204  -0.17590   0.06980  
 26  1.2810   2410.079059  x:  0.00000   0.00000   0.00000   0.00000   0.00000   0.00000   0.00000   0.00000   0.00000   0.00000   0.00000   0.00000   0.00185   0.00000   0.00709   0.00410   0.00582   0.00622   0.01264   0.00331   0.00000   0.00997   0.00189   0.00320   0.00216   0.00374   0.00000   2.88008   1.84033  -0.28598   0.11816  
 27  1.3161   2410.031468  x:  0.00000   0.00000   0.00000   0.00000   0.00000   0.00000   0.00000   0.00000   0.00000   0.00000   0.00000   0.00000   0.00173   0.00000   0.00696   0.00412   0.00557   0.00614   0.01253   0.00334   0.00000   0.00967   0.00203   0.00384   0.00211   0.00381   0.00000   2.82841   1.92440  -0.30356   0.13029  
 28  0.7956   2409.921038  x:  0.00000   0.00000   0.00000   0.00000   0.00000   0.00000   0.00000   0.00000   0.00000   0.00000   0.00000   0.00000   0.00185   0.00000   0.00652   0.00413   0.00624   0.00642   0.01242   0.00362   0.00000   0.00944   0.00192   0.00392   0.00161   0.00403   0.00000   2.62462   2.09264  -0.19884   0.11849  
 29  0.5319   2409.852958  x:  0.00000   0.00000   0.00000   0.00000   0.00000   0.00000   0.00000   0.00000   0.00000   0.00000   0.00000   0.00000   0.00202   0.00000   0.00639   0.00429   0.00545   0.00632   0.01268   0.00384   0.00000   0.00994   0.00190   0.00387   0.00168   0.00407   0.00000   2.48885   2.24251  -0.09087   0.10629  
 30  0.6068   2409.788429  x:  0.00000   0.00000   0.00000   0.00000   0.00000   0.00000   0.00000   0.00000   0.00000   0.00000   0.00000   0.00000   0.00207   0.00000   0.00673   0.00425   0.00605   0.00613   0.01304   0.00407   0.00000   0.01006   0.00180   0.00404   0.00209   0.00402   0.00000   2.39949   2.55319   0.01189   0.11630  
 31  0.5178   2409.713962  x:  0.00000   0.00000   0.00000   0.00000   0.00000   0.00000   0.00000   0.00000   0.00000   0.00000   0.00000   0.00000   0.00201   0.00000   0.00680   0.00410   0.00579   0.00668   0.01279   0.00423   0.00000   0.00990   0.00190   0.00377   0.00212   0.00410   0.00000   2.39750   3.02608   0.11268   0.14842  
 32  0.7550   2409.590499  x:  0.00000   0.00000   0.00000   0.00000   0.00000   0.00000   0.00000   0.00000   0.00000   0.00000   0.00000   0.00000   0.00181   0.00000   0.00640   0.00403   0.00581   0.00613   0.01208   0.00423   0.00000   0.01041   0.00208   0.00361   0.00198   0.00384   0.00000   2.63225   3.81583   0.51374   0.15129  
 33  0.7738   2409.517836  x:  0.00000   0.00000   0.00000   0.00000   0.00000   0.00000   0.00000   0.00000   0.00000   0.00000   0.00000   0.00000   0.00191   0.00000   0.00655   0.00396   0.00564   0.00655   0.01312   0.00398   0.00000   0.00996   0.00179   0.00380   0.00183   0.00390   0.00000   2.63539   4.56504   0.85186   0.15641  
 34  0.6175   2409.487475  x:  0.00000   0.00000   0.00000   0.00000   0.00000   0.00000   0.00000   0.00000   0.00000   0.00000   0.00000   0.00000   0.00192   0.00000   0.00651   0.00411   0.00576   0.00629   0.01291   0.00385   0.00000   0.01023   0.00180   0.00386   0.00180   0.00388   0.00000   2.52162   5.18839   1.09317   0.16866  
 35  0.6884   2409.465923  x:  0.00000   0.00000   0.00000   0.00000   0.00000   0.00000   0.00000   0.00000   0.00000   0.00000   0.00000   0.00000   0.00189   0.00000   0.00651   0.00416   0.00586   0.00640   0.01267   0.00374   0.00000   0.01038   0.00194   0.00383   0.00188   0.00395   0.00000   2.46942   5.71374   1.37422   0.16019  
 36  0.5650   2409.451773  x:  0.00000   0.00000   0.00000   0.00000   0.00000   0.00000   0.00000   0.00000   0.00000   0.00000   0.00000   0.00000   0.00188   0.00000   0.00660   0.00406   0.00574   0.00633   0.01269   0.00370   0.00000   0.01014   0.00192   0.00372   0.00196   0.00401   0.00000   2.53438   6.65451   1.78172   0.16975  
 37  0.5571   2409.441092  x:  0.00000   0.00000   0.00000   0.00000   0.00000   0.00000   0.00000   0.00000   0.00000   0.00000   0.00000   0.00000   0.00190   0.00000   0.00651   0.00410   0.00576   0.00627   0.01278   0.00378   0.00000   0.01024   0.00183   0.00379   0.00186   0.00389   0.00000   2.52258   7.85549   2.37424   0.16699  
 38  0.4968   2409.436973  x:  0.00000   0.00000   0.00000   0.00000   0.00000   0.00000   0.00000   0.00000   0.00000   0.00000   0.00000   0.00000   0.00189   0.00000   0.00653   0.00410   0.00579   0.00639   0.01276   0.00383   0.00000   0.01026   0.00191   0.00379   0.00188   0.00393   0.00000   2.51469   8.81581   2.81127   0.17141  
 39  0.7490   2409.434422  x:  0.00000   0.00000   0.00000   0.00000   0.00000   0.00000   0.00000   0.00000   0.00000   0.00000   0.00000   0.00000   0.00190   0.00000   0.00658   0.00408   0.00575   0.00631   0.01266   0.00381   0.00000   0.01018   0.00189   0.00377   0.00192   0.00398   0.00000   2.52496  10.21813   3.48263   0.17032  
 40  0.5654   2409.432998  x:  0.00000   0.00000   0.00000   0.00000   0.00000   0.00000   0.00000   0.00000   0.00000   0.00000   0.00000   0.00000   0.00189   0.00000   0.00654   0.00410   0.00578   0.00635   0.01275   0.00379   0.00000   0.01022   0.00189   0.00379   0.00188   0.00392   0.00000   2.51382  11.58204   4.13016   0.17155  
 41  0.7187   2409.432384  x:  0.00000   0.00000   0.00000   0.00000   0.00000   0.00000   0.00000   0.00000   0.00000   0.00000   0.00000   0.00000   0.00189   0.00000   0.00654   0.00409   0.00578   0.00636   0.01272   0.00380   0.00000   0.01025   0.00189   0.00378   0.00190   0.00396   0.00000   2.52308  13.32484   4.96667   0.17070  
 42  0.6471   2409.432124  x:  0.00000   0.00000   0.00000   0.00000   0.00000   0.00000   0.00000   0.00000   0.00000   0.00000   0.00000   0.00000   0.00189   0.00000   0.00654   0.00409   0.00577   0.00633   0.01272   0.00380   0.00000   0.01022   0.00189   0.00378   0.00190   0.00394   0.00000   2.51676  14.72700   5.63084   0.17160  
 43  0.8781   2409.432010  x:  0.00000   0.00000   0.00000   0.00000   0.00000   0.00000   0.00000   0.00000   0.00000   0.00000   0.00000   0.00000   0.00189   0.00000   0.00655   0.00409   0.00578   0.00635   0.01274   0.00380   0.00000   0.01023   0.00189   0.00378   0.00189   0.00393   0.00000   2.51800  16.30455   6.38655   0.17109  
 44  0.6889   2409.431954  x:  0.00000   0.00000   0.00000   0.00000   0.00000   0.00000   0.00000   0.00000   0.00000   0.00000   0.00000   0.00000   0.00190   0.00000   0.00655   0.00409   0.00577   0.00634   0.01272   0.00380   0.00000   0.01023   0.00189   0.00378   0.00190   0.00394   0.00000   2.51840  17.81886   7.10783   0.17140  
 45  0.7799   2409.431931  x:  0.00000   0.00000   0.00000   0.00000   0.00000   0.00000   0.00000   0.00000   0.00000   0.00000   0.00000   0.00000   0.00189   0.00000   0.00654   0.00409   0.00577   0.00634   0.01273   0.00380   0.00000   0.01022   0.00189   0.00378   0.00189   0.00394   0.00000   2.51777  19.53805   7.92921   0.17122  
 46  0.7449   2409.431921  x:  0.00000   0.00000   0.00000   0.00000   0.00000   0.00000   0.00000   0.00000   0.00000   0.00000   0.00000   0.00000   0.00189   0.00000   0.00654   0.00409   0.00577   0.00634   0.01272   0.00380   0.00000   0.01023   0.00189   0.00378   0.00189   0.00394   0.00000   2.51823  20.88424   8.57143   0.17133  
 47  0.7903   2409.431917  x:  0.00000   0.00000   0.00000   0.00000   0.00000   0.00000   0.00000   0.00000   0.00000   0.00000   0.00000   0.00000   0.00189   0.00000   0.00654   0.00409   0.00577   0.00634   0.01273   0.00380   0.00000   0.01023   0.00189   0.00378   0.00189   0.00394   0.00000   2.51812  22.36855   9.28003   0.17130  
 48  0.7793   2409.431914  x:  0.00000   0.00000   0.00000   0.00000   0.00000   0.00000   0.00000   0.00000   0.00000   0.00000   0.00000   0.00000   0.00189   0.00000   0.00654   0.00409   0.00577   0.00634   0.01273   0.00380   0.00000   0.01022   0.00189   0.00378   0.00189   0.00394   0.00000   2.51802  24.21832  10.16297   0.17129  
 49  0.8345   2409.431913  x:  0.00000   0.00000   0.00000   0.00000   0.00000   0.00000   0.00000   0.00000   0.00000   0.00000   0.00000   0.00000   0.00189   0.00000   0.00654   0.00409   0.00577   0.00634   0.01273   0.00380   0.00000   0.01023   0.00189   0.00378   0.00189   0.00394   0.00000   2.51815  25.28319  10.67126   0.17130  
 50  0.6711   2409.431913  x:  0.00000   0.00000   0.00000   0.00000   0.00000   0.00000   0.00000   0.00000   0.00000   0.00000   0.00000   0.00000   0.00189   0.00000   0.00654   0.00409   0.00577   0.00634   0.01273   0.00380   0.00000   0.01022   0.00189   0.00378   0.00189   0.00394   0.00000   2.51800  29.54270  12.70446   0.17129  
 51  0.8584   2409.431913  x:  0.00000   0.00000   0.00000   0.00000   0.00000   0.00000   0.00000   0.00000   0.00000   0.00000   0.00000   0.00000   0.00189   0.00000   0.00654   0.00409   0.00577   0.00634   0.01273   0.00380   0.00000   0.01023   0.00189   0.00378   0.00189   0.00394   0.00000   2.51808  29.89752  12.87382   0.17130  
 52  0.4427   2409.431913  x:  0.00000   0.00000   0.00000   0.00000   0.00000   0.00000   0.00000   0.00000   0.00000   0.00000   0.00000   0.00000   0.00189   0.00000   0.00654   0.00409   0.00577   0.00634   0.01273   0.00380   0.00000   0.01023   0.00189   0.00378   0.00189   0.00394   0.00000   2.51810  30.34360  13.08675   0.17130  
 53  0.6421   2409.431913  x:  0.00000   0.00000   0.00000   0.00000   0.00000   0.00000   0.00000   0.00000   0.00000   0.00000   0.00000   0.00000   0.00189   0.00000   0.00654   0.00409   0.00577   0.00634   0.01273   0.00380   0.00000   0.01023   0.00189   0.00378   0.00189   0.00394   0.00000   2.51812  31.39339  13.58785   0.17130  
 54  0.8924   2409.431913  x:  0.00000   0.00000   0.00000   0.00000   0.00000   0.00000   0.00000   0.00000   0.00000   0.00000   0.00000   0.00000   0.00189   0.00000   0.00654   0.00409   0.00577   0.00634   0.01273   0.00380   0.00000   0.01023   0.00189   0.00378   0.00189   0.00394   0.00000   2.51813  35.59256  15.59223   0.17130  
 55  1.7677   2409.431913  x:  0.00000   0.00000   0.00000   0.00000   0.00000   0.00000   0.00000   0.00000   0.00000   0.00000   0.00000   0.00000   0.00189   0.00000   0.00654   0.00409   0.00577   0.00634   0.01273   0.00380   0.00000   0.01023   0.00189   0.00378   0.00189   0.00394   0.00000   2.51813  35.59230  15.59211   0.17130  
 56  4.0971   2409.431912  x:  0.00000   0.00000   0.00000   0.00000   0.00000   0.00000   0.00000   0.00000   0.00000   0.00000   0.00000   0.00000   0.00189   0.00000   0.00654   0.00409   0.00577   0.00634   0.01273   0.00380   0.00000   0.01023   0.00189   0.00378   0.00189   0.00394   0.00000   2.51815  35.59181  15.59190   0.17130  
 57  0.0012   2409.431912  x:  0.00000   0.00000   0.00000   0.00000   0.00000   0.00000   0.00000   0.00000   0.00000   0.00000   0.00000   0.00000   0.00189   0.00000   0.00654   0.00409   0.00577   0.00634   0.01273   0.00380   0.00000   0.01023   0.00189   0.00378   0.00189   0.00394   0.00000   2.51814  35.59194  15.59196   0.17130  
 58  0.0008   2409.431912  x:  0.00000   0.00000   0.00000   0.00000   0.00000   0.00000   0.00000   0.00000   0.00000   0.00000   0.00000   0.00000   0.00189   0.00000   0.00654   0.00409   0.00577   0.00634   0.01273   0.00380   0.00000   0.01023   0.00189   0.00378   0.00189   0.00394   0.00000   2.51814  35.59194  15.59196   0.17130  
 59  0.0017   2409.431912  x:  0.00000   0.00000   0.00000   0.00000   0.00000   0.00000   0.00000   0.00000   0.00000   0.00000   0.00000   0.00000   0.00189   0.00000   0.00654   0.00409   0.00577   0.00634   0.01273   0.00380   0.00000   0.01023   0.00189   0.00378   0.00189   0.00394   0.00000   2.51814  35.59194  15.59196   0.17130  
check convergence!
