Supplemental results for CODEML (seqf: align.phy  treef: tree)


dN/dS (w) for site classes (K=4)

site class             0        1       2a       2b
proportion       1.00000  0.00000  0.00000  0.00000
background w     0.15898  1.00000  0.15898  1.00000
foreground w     0.15898  1.00000  1.00000  1.00000

Naive Empirical Bayes (NEB) probabilities for 4 classes
(amino acids refer to 1st sequence: Cadus)

   1 -   1.00000 0.00000 0.00000 0.00000 ( 1)
   2 -   1.00000 0.00000 0.00000 0.00000 ( 1)
   3 -   1.00000 0.00000 0.00000 0.00000 ( 1)
   4 -   1.00000 0.00000 0.00000 0.00000 ( 1)
   5 -   1.00000 0.00000 0.00000 0.00000 ( 1)
   6 -   1.00000 0.00000 0.00000 0.00000 ( 1)
   7 -   1.00000 0.00000 0.00000 0.00000 ( 1)
   8 -   1.00000 0.00000 0.00000 0.00000 ( 1)
   9 -   1.00000 0.00000 0.00000 0.00000 ( 1)
  10 -   1.00000 0.00000 0.00000 0.00000 ( 1)
  11 -   1.00000 0.00000 0.00000 0.00000 ( 1)
  12 -   1.00000 0.00000 0.00000 0.00000 ( 1)
  13 -   1.00000 0.00000 0.00000 0.00000 ( 1)
  14 -   1.00000 0.00000 0.00000 0.00000 ( 1)
  15 -   1.00000 0.00000 0.00000 0.00000 ( 1)
  16 -   1.00000 0.00000 0.00000 0.00000 ( 1)
  17 -   1.00000 0.00000 0.00000 0.00000 ( 1)
  18 -   1.00000 0.00000 0.00000 0.00000 ( 1)
  19 -   1.00000 0.00000 0.00000 0.00000 ( 1)
  20 -   1.00000 0.00000 0.00000 0.00000 ( 1)
  21 -   1.00000 0.00000 0.00000 0.00000 ( 1)
  22 -   1.00000 0.00000 0.00000 0.00000 ( 1)
  23 -   1.00000 0.00000 0.00000 0.00000 ( 1)
  24 -   1.00000 0.00000 0.00000 0.00000 ( 1)
  25 -   1.00000 0.00000 0.00000 0.00000 ( 1)
  26 -   1.00000 0.00000 0.00000 0.00000 ( 1)
  27 *   1.00000 0.00000 0.00000 0.00000 ( 1)
  28 -   1.00000 0.00000 0.00000 0.00000 ( 1)
  29 Q   1.00000 0.00000 0.00000 0.00000 ( 1)
  30 *   1.00000 0.00000 0.00000 0.00000 ( 1)
  31 E   1.00000 0.00000 0.00000 0.00000 ( 1)
  32 Y   1.00000 0.00000 0.00000 0.00000 ( 1)
  33 L   1.00000 0.00000 0.00000 0.00000 ( 1)
  34 D   1.00000 0.00000 0.00000 0.00000 ( 1)
  35 *   1.00000 0.00000 0.00000 0.00000 ( 1)
  36 -   1.00000 0.00000 0.00000 0.00000 ( 1)
  37 -   1.00000 0.00000 0.00000 0.00000 ( 1)
  38 -   1.00000 0.00000 0.00000 0.00000 ( 1)
  39 -   1.00000 0.00000 0.00000 0.00000 ( 1)
  40 -   1.00000 0.00000 0.00000 0.00000 ( 1)
  41 -   1.00000 0.00000 0.00000 0.00000 ( 1)
  42 -   1.00000 0.00000 0.00000 0.00000 ( 1)
  43 -   1.00000 0.00000 0.00000 0.00000 ( 1)
  44 -   1.00000 0.00000 0.00000 0.00000 ( 1)
  45 -   1.00000 0.00000 0.00000 0.00000 ( 1)
  46 -   1.00000 0.00000 0.00000 0.00000 ( 1)
  47 -   1.00000 0.00000 0.00000 0.00000 ( 1)
  48 -   1.00000 0.00000 0.00000 0.00000 ( 1)
  49 -   1.00000 0.00000 0.00000 0.00000 ( 1)
  50 -   1.00000 0.00000 0.00000 0.00000 ( 1)
  51 -   1.00000 0.00000 0.00000 0.00000 ( 1)
  52 -   1.00000 0.00000 0.00000 0.00000 ( 1)
  53 -   1.00000 0.00000 0.00000 0.00000 ( 1)
  54 -   1.00000 0.00000 0.00000 0.00000 ( 1)
  55 -   1.00000 0.00000 0.00000 0.00000 ( 1)
  56 -   1.00000 0.00000 0.00000 0.00000 ( 1)
  57 -   1.00000 0.00000 0.00000 0.00000 ( 1)
  58 -   1.00000 0.00000 0.00000 0.00000 ( 1)
  59 -   1.00000 0.00000 0.00000 0.00000 ( 1)
  60 -   1.00000 0.00000 0.00000 0.00000 ( 1)
  61 -   1.00000 0.00000 0.00000 0.00000 ( 1)
  62 -   1.00000 0.00000 0.00000 0.00000 ( 1)
  63 -   1.00000 0.00000 0.00000 0.00000 ( 1)
  64 -   1.00000 0.00000 0.00000 0.00000 ( 1)
  65 -   1.00000 0.00000 0.00000 0.00000 ( 1)
  66 -   1.00000 0.00000 0.00000 0.00000 ( 1)
  67 -   1.00000 0.00000 0.00000 0.00000 ( 1)
  68 -   1.00000 0.00000 0.00000 0.00000 ( 1)
  69 -   1.00000 0.00000 0.00000 0.00000 ( 1)
  70 -   1.00000 0.00000 0.00000 0.00000 ( 1)
  71 -   1.00000 0.00000 0.00000 0.00000 ( 1)
  72 -   1.00000 0.00000 0.00000 0.00000 ( 1)
  73 -   1.00000 0.00000 0.00000 0.00000 ( 1)
  74 -   1.00000 0.00000 0.00000 0.00000 ( 1)
  75 *   1.00000 0.00000 0.00000 0.00000 ( 1)
  76 M   1.00000 0.00000 0.00000 0.00000 ( 1)
  77 -   1.00000 0.00000 0.00000 0.00000 ( 1)
  78 *   1.00000 0.00000 0.00000 0.00000 ( 1)
  79 -   1.00000 0.00000 0.00000 0.00000 ( 1)
  80 *   1.00000 0.00000 0.00000 0.00000 ( 1)
  81 L   1.00000 0.00000 0.00000 0.00000 ( 1)
  82 L   1.00000 0.00000 0.00000 0.00000 ( 1)
  83 A   1.00000 0.00000 0.00000 0.00000 ( 1)
  84 A   1.00000 0.00000 0.00000 0.00000 ( 1)
  85 L   1.00000 0.00000 0.00000 0.00000 ( 1)
  86 Q   1.00000 0.00000 0.00000 0.00000 ( 1)
  87 W   1.00000 0.00000 0.00000 0.00000 ( 1)
  88 Q   1.00000 0.00000 0.00000 0.00000 ( 1)
  89 V   1.00000 0.00000 0.00000 0.00000 ( 1)
  90 P   1.00000 0.00000 0.00000 0.00000 ( 1)
  91 D   1.00000 0.00000 0.00000 0.00000 ( 1)
  92 V   1.00000 0.00000 0.00000 0.00000 ( 1)
  93 G   1.00000 0.00000 0.00000 0.00000 ( 1)
  94 P   1.00000 0.00000 0.00000 0.00000 ( 1)
  95 V   1.00000 0.00000 0.00000 0.00000 ( 1)
  96 P   1.00000 0.00000 0.00000 0.00000 ( 1)
  97 F   1.00000 0.00000 0.00000 0.00000 ( 1)
  98 L   1.00000 0.00000 0.00000 0.00000 ( 1)
  99 K   1.00000 0.00000 0.00000 0.00000 ( 1)
 100 S   1.00000 0.00000 0.00000 0.00000 ( 1)
 101 T   1.00000 0.00000 0.00000 0.00000 ( 1)
 102 D   1.00000 0.00000 0.00000 0.00000 ( 1)
 103 P   1.00000 0.00000 0.00000 0.00000 ( 1)
 104 S   1.00000 0.00000 0.00000 0.00000 ( 1)
 105 S   1.00000 0.00000 0.00000 0.00000 ( 1)
 106 S   1.00000 0.00000 0.00000 0.00000 ( 1)
 107 Y   1.00000 0.00000 0.00000 0.00000 ( 1)
 108 F   1.00000 0.00000 0.00000 0.00000 ( 1)
 109 V   1.00000 0.00000 0.00000 0.00000 ( 1)
 110 I   1.00000 0.00000 0.00000 0.00000 ( 1)
 111 L   1.00000 0.00000 0.00000 0.00000 ( 1)
 112 N   1.00000 0.00000 0.00000 0.00000 ( 1)
 113 S   1.00000 0.00000 0.00000 0.00000 ( 1)
 114 A   1.00000 0.00000 0.00000 0.00000 ( 1)
 115 A   1.00000 0.00000 0.00000 0.00000 ( 1)
 116 F   1.00000 0.00000 0.00000 0.00000 ( 1)
 117 F   1.00000 0.00000 0.00000 0.00000 ( 1)
 118 K   1.00000 0.00000 0.00000 0.00000 ( 1)
 119 V   1.00000 0.00000 0.00000 0.00000 ( 1)
 120 G   1.00000 0.00000 0.00000 0.00000 ( 1)
 121 S   1.00000 0.00000 0.00000 0.00000 ( 1)
 122 Q   1.00000 0.00000 0.00000 0.00000 ( 1)
 123 L   1.00000 0.00000 0.00000 0.00000 ( 1)
 124 E   1.00000 0.00000 0.00000 0.00000 ( 1)
 125 V   1.00000 0.00000 0.00000 0.00000 ( 1)
 126 L   1.00000 0.00000 0.00000 0.00000 ( 1)
 127 V   1.00000 0.00000 0.00000 0.00000 ( 1)
 128 H   1.00000 0.00000 0.00000 0.00000 ( 1)
 129 V   1.00000 0.00000 0.00000 0.00000 ( 1)
 130 Q   1.00000 0.00000 0.00000 0.00000 ( 1)
 131 D   1.00000 0.00000 0.00000 0.00000 ( 1)
 132 F   1.00000 0.00000 0.00000 0.00000 ( 1)
 133 Q   1.00000 0.00000 0.00000 0.00000 ( 1)
 134 R   1.00000 0.00000 0.00000 0.00000 ( 1)
 135 K   1.00000 0.00000 0.00000 0.00000 ( 1)
 136 P   1.00000 0.00000 0.00000 0.00000 ( 1)
 137 K   1.00000 0.00000 0.00000 0.00000 ( 1)
 138 K   1.00000 0.00000 0.00000 0.00000 ( 1)
 139 Y   1.00000 0.00000 0.00000 0.00000 ( 1)
 140 G   1.00000 0.00000 0.00000 0.00000 ( 1)
 141 G   1.00000 0.00000 0.00000 0.00000 ( 1)
 142 D   1.00000 0.00000 0.00000 0.00000 ( 1)
 143 Y   1.00000 0.00000 0.00000 0.00000 ( 1)
 144 L   1.00000 0.00000 0.00000 0.00000 ( 1)
 145 Q   1.00000 0.00000 0.00000 0.00000 ( 1)
 146 A   1.00000 0.00000 0.00000 0.00000 ( 1)
 147 R   1.00000 0.00000 0.00000 0.00000 ( 1)
 148 I   1.00000 0.00000 0.00000 0.00000 ( 1)
 149 H   1.00000 0.00000 0.00000 0.00000 ( 1)
 150 S   1.00000 0.00000 0.00000 0.00000 ( 1)
 151 P   1.00000 0.00000 0.00000 0.00000 ( 1)
 152 K   1.00000 0.00000 0.00000 0.00000 ( 1)
 153 L   1.00000 0.00000 0.00000 0.00000 ( 1)
 154 Q   1.00000 0.00000 0.00000 0.00000 ( 1)
 155 A   1.00000 0.00000 0.00000 0.00000 ( 1)
 156 G   1.00000 0.00000 0.00000 0.00000 ( 1)
 157 A   1.00000 0.00000 0.00000 0.00000 ( 1)
 158 *   1.00000 0.00000 0.00000 0.00000 ( 1)
 159 -   1.00000 0.00000 0.00000 0.00000 ( 1)
 160 -   1.00000 0.00000 0.00000 0.00000 ( 1)
 161 -   1.00000 0.00000 0.00000 0.00000 ( 1)
 162 -   1.00000 0.00000 0.00000 0.00000 ( 1)
 163 -   1.00000 0.00000 0.00000 0.00000 ( 1)
 164 -   1.00000 0.00000 0.00000 0.00000 ( 1)
 165 -   1.00000 0.00000 0.00000 0.00000 ( 1)
 166 *   1.00000 0.00000 0.00000 0.00000 ( 1)
 167 G   1.00000 0.00000 0.00000 0.00000 ( 1)
 168 -   1.00000 0.00000 0.00000 0.00000 ( 1)
 169 -   1.00000 0.00000 0.00000 0.00000 ( 1)
 170 -   1.00000 0.00000 0.00000 0.00000 ( 1)
 171 V   1.00000 0.00000 0.00000 0.00000 ( 1)
 172 F   1.00000 0.00000 0.00000 0.00000 ( 1)
 173 F   1.00000 0.00000 0.00000 0.00000 ( 1)
 174 T   1.00000 0.00000 0.00000 0.00000 ( 1)
 175 L   1.00000 0.00000 0.00000 0.00000 ( 1)
 176 L   1.00000 0.00000 0.00000 0.00000 ( 1)
 177 W   1.00000 0.00000 0.00000 0.00000 ( 1)
 178 P   1.00000 0.00000 0.00000 0.00000 ( 1)
 179 G   1.00000 0.00000 0.00000 0.00000 ( 1)
 180 K   1.00000 0.00000 0.00000 0.00000 ( 1)
 181 V   1.00000 0.00000 0.00000 0.00000 ( 1)
 182 K   1.00000 0.00000 0.00000 0.00000 ( 1)
 183 V   1.00000 0.00000 0.00000 0.00000 ( 1)
 184 S   1.00000 0.00000 0.00000 0.00000 ( 1)
 185 I   1.00000 0.00000 0.00000 0.00000 ( 1)
 186 S   1.00000 0.00000 0.00000 0.00000 ( 1)
 187 L   1.00000 0.00000 0.00000 0.00000 ( 1)
 188 V   1.00000 0.00000 0.00000 0.00000 ( 1)
 189 H   1.00000 0.00000 0.00000 0.00000 ( 1)
 190 P   1.00000 0.00000 0.00000 0.00000 ( 1)
 191 T   1.00000 0.00000 0.00000 0.00000 ( 1)
 192 E   1.00000 0.00000 0.00000 0.00000 ( 1)
 193 G   1.00000 0.00000 0.00000 0.00000 ( 1)
 194 I   1.00000 0.00000 0.00000 0.00000 ( 1)
 195 R   1.00000 0.00000 0.00000 0.00000 ( 1)
 196 V   1.00000 0.00000 0.00000 0.00000 ( 1)
 197 L   1.00000 0.00000 0.00000 0.00000 ( 1)
 198 Q   1.00000 0.00000 0.00000 0.00000 ( 1)
 199 H   1.00000 0.00000 0.00000 0.00000 ( 1)
 200 L   1.00000 0.00000 0.00000 0.00000 ( 1)
 201 Q   1.00000 0.00000 0.00000 0.00000 ( 1)
 202 E   1.00000 0.00000 0.00000 0.00000 ( 1)
 203 E   1.00000 0.00000 0.00000 0.00000 ( 1)
 204 K   1.00000 0.00000 0.00000 0.00000 ( 1)
 205 P   1.00000 0.00000 0.00000 0.00000 ( 1)
 206 H   1.00000 0.00000 0.00000 0.00000 ( 1)
 207 R   1.00000 0.00000 0.00000 0.00000 ( 1)
 208 V   1.00000 0.00000 0.00000 0.00000 ( 1)
 209 Y   1.00000 0.00000 0.00000 0.00000 ( 1)
 210 F   1.00000 0.00000 0.00000 0.00000 ( 1)
 211 K   1.00000 0.00000 0.00000 0.00000 ( 1)
 212 S   1.00000 0.00000 0.00000 0.00000 ( 1)
 213 L   1.00000 0.00000 0.00000 0.00000 ( 1)
 214 F   1.00000 0.00000 0.00000 0.00000 ( 1)
 215 R   1.00000 0.00000 0.00000 0.00000 ( 1)
 216 S   1.00000 0.00000 0.00000 0.00000 ( 1)
 217 G   1.00000 0.00000 0.00000 0.00000 ( 1)
 218 R   1.00000 0.00000 0.00000 0.00000 ( 1)
 219 I   1.00000 0.00000 0.00000 0.00000 ( 1)
 220 S   1.00000 0.00000 0.00000 0.00000 ( 1)
 221 E   1.00000 0.00000 0.00000 0.00000 ( 1)
 222 T   1.00000 0.00000 0.00000 0.00000 ( 1)
 223 T   1.00000 0.00000 0.00000 0.00000 ( 1)
 224 E   1.00000 0.00000 0.00000 0.00000 ( 1)
 225 C   1.00000 0.00000 0.00000 0.00000 ( 1)
 226 N   1.00000 0.00000 0.00000 0.00000 ( 1)
 227 V   1.00000 0.00000 0.00000 0.00000 ( 1)
 228 C   1.00000 0.00000 0.00000 0.00000 ( 1)
 229 L   1.00000 0.00000 0.00000 0.00000 ( 1)
 230 P   1.00000 0.00000 0.00000 0.00000 ( 1)
 231 G   1.00000 0.00000 0.00000 0.00000 ( 1)
 232 S   1.00000 0.00000 0.00000 0.00000 ( 1)
 233 L   1.00000 0.00000 0.00000 0.00000 ( 1)
 234 P   1.00000 0.00000 0.00000 0.00000 ( 1)
 235 L   1.00000 0.00000 0.00000 0.00000 ( 1)
 236 C   1.00000 0.00000 0.00000 0.00000 ( 1)
 237 N   1.00000 0.00000 0.00000 0.00000 ( 1)
 238 F   1.00000 0.00000 0.00000 0.00000 ( 1)
 239 T   1.00000 0.00000 0.00000 0.00000 ( 1)
 240 D   1.00000 0.00000 0.00000 0.00000 ( 1)
 241 L   1.00000 0.00000 0.00000 0.00000 ( 1)
 242 Y   1.00000 0.00000 0.00000 0.00000 ( 1)
 243 T   1.00000 0.00000 0.00000 0.00000 ( 1)
 244 G   1.00000 0.00000 0.00000 0.00000 ( 1)
 245 E   1.00000 0.00000 0.00000 0.00000 ( 1)
 246 P   1.00000 0.00000 0.00000 0.00000 ( 1)
 247 W   1.00000 0.00000 0.00000 0.00000 ( 1)
 248 F   1.00000 0.00000 0.00000 0.00000 ( 1)
 249 C   1.00000 0.00000 0.00000 0.00000 ( 1)
 250 F   1.00000 0.00000 0.00000 0.00000 ( 1)
 251 K   1.00000 0.00000 0.00000 0.00000 ( 1)
 252 P   1.00000 0.00000 0.00000 0.00000 ( 1)
 253 K   1.00000 0.00000 0.00000 0.00000 ( 1)
 254 K   1.00000 0.00000 0.00000 0.00000 ( 1)
 255 L   1.00000 0.00000 0.00000 0.00000 ( 1)
 256 P   1.00000 0.00000 0.00000 0.00000 ( 1)
 257 C   1.00000 0.00000 0.00000 0.00000 ( 1)
 258 S   1.00000 0.00000 0.00000 0.00000 ( 1)
 259 S   1.00000 0.00000 0.00000 0.00000 ( 1)
 260 R   1.00000 0.00000 0.00000 0.00000 ( 1)
 261 I   1.00000 0.00000 0.00000 0.00000 ( 1)
 262 N   1.00000 0.00000 0.00000 0.00000 ( 1)
 263 H   1.00000 0.00000 0.00000 0.00000 ( 1)
 264 F   1.00000 0.00000 0.00000 0.00000 ( 1)
 265 K   1.00000 0.00000 0.00000 0.00000 ( 1)
 266 G   1.00000 0.00000 0.00000 0.00000 ( 1)
 267 G   1.00000 0.00000 0.00000 0.00000 ( 1)
 268 Y   1.00000 0.00000 0.00000 0.00000 ( 1)
 269 L   1.00000 0.00000 0.00000 0.00000 ( 1)
 270 K   1.00000 0.00000 0.00000 0.00000 ( 1)
 271 G   1.00000 0.00000 0.00000 0.00000 ( 1)
 272 L   1.00000 0.00000 0.00000 0.00000 ( 1)
 273 L   1.00000 0.00000 0.00000 0.00000 ( 1)
 274 *   1.00000 0.00000 0.00000 0.00000 ( 1)
 275 -   1.00000 0.00000 0.00000 0.00000 ( 1)
 276 -   1.00000 0.00000 0.00000 0.00000 ( 1)
 277 -   1.00000 0.00000 0.00000 0.00000 ( 1)
 278 -   1.00000 0.00000 0.00000 0.00000 ( 1)
 279 -   1.00000 0.00000 0.00000 0.00000 ( 1)
 280 -   1.00000 0.00000 0.00000 0.00000 ( 1)
 281 -   1.00000 0.00000 0.00000 0.00000 ( 1)
 282 -   1.00000 0.00000 0.00000 0.00000 ( 1)
 283 *   1.00000 0.00000 0.00000 0.00000 ( 1)
 284 G   1.00000 0.00000 0.00000 0.00000 ( 1)
 285 V   1.00000 0.00000 0.00000 0.00000 ( 1)
 286 N   1.00000 0.00000 0.00000 0.00000 ( 1)
 287 I   1.00000 0.00000 0.00000 0.00000 ( 1)
 288 K   1.00000 0.00000 0.00000 0.00000 ( 1)
 289 M   1.00000 0.00000 0.00000 0.00000 ( 1)
 290 P   1.00000 0.00000 0.00000 0.00000 ( 1)
 291 I   1.00000 0.00000 0.00000 0.00000 ( 1)
 292 N   1.00000 0.00000 0.00000 0.00000 ( 1)
 293 S   1.00000 0.00000 0.00000 0.00000 ( 1)
 294 S   1.00000 0.00000 0.00000 0.00000 ( 1)
 295 G   1.00000 0.00000 0.00000 0.00000 ( 1)
 296 P   1.00000 0.00000 0.00000 0.00000 ( 1)
 297 D   1.00000 0.00000 0.00000 0.00000 ( 1)
 298 W   1.00000 0.00000 0.00000 0.00000 ( 1)
 299 V   1.00000 0.00000 0.00000 0.00000 ( 1)
 300 T   1.00000 0.00000 0.00000 0.00000 ( 1)
 301 V   1.00000 0.00000 0.00000 0.00000 ( 1)
 302 I   1.00000 0.00000 0.00000 0.00000 ( 1)
 303 P   1.00000 0.00000 0.00000 0.00000 ( 1)
 304 T   1.00000 0.00000 0.00000 0.00000 ( 1)
 305 S   1.00000 0.00000 0.00000 0.00000 ( 1)
 306 I   1.00000 0.00000 0.00000 0.00000 ( 1)
 307 K   1.00000 0.00000 0.00000 0.00000 ( 1)
 308 E   1.00000 0.00000 0.00000 0.00000 ( 1)
 309 M   1.00000 0.00000 0.00000 0.00000 ( 1)
 310 K   1.00000 0.00000 0.00000 0.00000 ( 1)
 311 N   1.00000 0.00000 0.00000 0.00000 ( 1)
 312 S   1.00000 0.00000 0.00000 0.00000 ( 1)
 313 E   1.00000 0.00000 0.00000 0.00000 ( 1)
 314 L   1.00000 0.00000 0.00000 0.00000 ( 1)
 315 S   1.00000 0.00000 0.00000 0.00000 ( 1)
 316 Q   1.00000 0.00000 0.00000 0.00000 ( 1)
 317 G   1.00000 0.00000 0.00000 0.00000 ( 1)
 318 S   1.00000 0.00000 0.00000 0.00000 ( 1)
 319 G   1.00000 0.00000 0.00000 0.00000 ( 1)
 320 I   1.00000 0.00000 0.00000 0.00000 ( 1)
 321 F   1.00000 0.00000 0.00000 0.00000 ( 1)
 322 P   1.00000 0.00000 0.00000 0.00000 ( 1)
 323 S   1.00000 0.00000 0.00000 0.00000 ( 1)
 324 G   1.00000 0.00000 0.00000 0.00000 ( 1)
 325 Y   1.00000 0.00000 0.00000 0.00000 ( 1)
 326 Y   1.00000 0.00000 0.00000 0.00000 ( 1)
 327 Y   1.00000 0.00000 0.00000 0.00000 ( 1)
 328 K   1.00000 0.00000 0.00000 0.00000 ( 1)
 329 *   1.00000 0.00000 0.00000 0.00000 ( 1)
 330 *   1.00000 0.00000 0.00000 0.00000 ( 1)
 331 W   1.00000 0.00000 0.00000 0.00000 ( 1)
 332 R   1.00000 0.00000 0.00000 0.00000 ( 1)
 333 P   1.00000 0.00000 0.00000 0.00000 ( 1)
 334 R   1.00000 0.00000 0.00000 0.00000 ( 1)
 335 K   1.00000 0.00000 0.00000 0.00000 ( 1)
 336 F   1.00000 0.00000 0.00000 0.00000 ( 1)
 337 K   1.00000 0.00000 0.00000 0.00000 ( 1)
 338 M   1.00000 0.00000 0.00000 0.00000 ( 1)
 339 R   1.00000 0.00000 0.00000 0.00000 ( 1)
 340 Q   1.00000 0.00000 0.00000 0.00000 ( 1)
 341 F   1.00000 0.00000 0.00000 0.00000 ( 1)
 342 N   1.00000 0.00000 0.00000 0.00000 ( 1)
 343 D   1.00000 0.00000 0.00000 0.00000 ( 1)
 344 P   1.00000 0.00000 0.00000 0.00000 ( 1)
 345 D   1.00000 0.00000 0.00000 0.00000 ( 1)
 346 N   1.00000 0.00000 0.00000 0.00000 ( 1)
 347 I   1.00000 0.00000 0.00000 0.00000 ( 1)
 348 T   1.00000 0.00000 0.00000 0.00000 ( 1)
 349 E   1.00000 0.00000 0.00000 0.00000 ( 1)
 350 C   1.00000 0.00000 0.00000 0.00000 ( 1)
 351 L   1.00000 0.00000 0.00000 0.00000 ( 1)
 352 Q   1.00000 0.00000 0.00000 0.00000 ( 1)
 353 R   1.00000 0.00000 0.00000 0.00000 ( 1)
 354 K   1.00000 0.00000 0.00000 0.00000 ( 1)
 355 V   1.00000 0.00000 0.00000 0.00000 ( 1)
 356 V   1.00000 0.00000 0.00000 0.00000 ( 1)
 357 Y   1.00000 0.00000 0.00000 0.00000 ( 1)
 358 L   1.00000 0.00000 0.00000 0.00000 ( 1)
 359 F   1.00000 0.00000 0.00000 0.00000 ( 1)
 360 G   1.00000 0.00000 0.00000 0.00000 ( 1)
 361 D   1.00000 0.00000 0.00000 0.00000 ( 1)
 362 S   1.00000 0.00000 0.00000 0.00000 ( 1)
 363 T   1.00000 0.00000 0.00000 0.00000 ( 1)
 364 I   1.00000 0.00000 0.00000 0.00000 ( 1)
 365 R   1.00000 0.00000 0.00000 0.00000 ( 1)
 366 Q   1.00000 0.00000 0.00000 0.00000 ( 1)
 367 W   1.00000 0.00000 0.00000 0.00000 ( 1)
 368 F   1.00000 0.00000 0.00000 0.00000 ( 1)
 369 E   1.00000 0.00000 0.00000 0.00000 ( 1)
 370 Y   1.00000 0.00000 0.00000 0.00000 ( 1)
 371 L   1.00000 0.00000 0.00000 0.00000 ( 1)
 372 T   1.00000 0.00000 0.00000 0.00000 ( 1)
 373 A   1.00000 0.00000 0.00000 0.00000 ( 1)
 374 F   1.00000 0.00000 0.00000 0.00000 ( 1)
 375 V   1.00000 0.00000 0.00000 0.00000 ( 1)
 376 P   1.00000 0.00000 0.00000 0.00000 ( 1)
 377 *   1.00000 0.00000 0.00000 0.00000 ( 1)
 378 -   1.00000 0.00000 0.00000 0.00000 ( 1)
 379 -   1.00000 0.00000 0.00000 0.00000 ( 1)
 380 -   1.00000 0.00000 0.00000 0.00000 ( 1)
 381 -   1.00000 0.00000 0.00000 0.00000 ( 1)
 382 -   1.00000 0.00000 0.00000 0.00000 ( 1)
 383 -   1.00000 0.00000 0.00000 0.00000 ( 1)
 384 -   1.00000 0.00000 0.00000 0.00000 ( 1)
 385 -   1.00000 0.00000 0.00000 0.00000 ( 1)
 386 -   1.00000 0.00000 0.00000 0.00000 ( 1)
 387 -   1.00000 0.00000 0.00000 0.00000 ( 1)
 388 -   1.00000 0.00000 0.00000 0.00000 ( 1)
 389 -   1.00000 0.00000 0.00000 0.00000 ( 1)
 390 -   1.00000 0.00000 0.00000 0.00000 ( 1)
 391 -   1.00000 0.00000 0.00000 0.00000 ( 1)
 392 -   1.00000 0.00000 0.00000 0.00000 ( 1)
 393 -   1.00000 0.00000 0.00000 0.00000 ( 1)
 394 -   1.00000 0.00000 0.00000 0.00000 ( 1)
 395 -   1.00000 0.00000 0.00000 0.00000 ( 1)
 396 -   1.00000 0.00000 0.00000 0.00000 ( 1)
 397 -   1.00000 0.00000 0.00000 0.00000 ( 1)
 398 -   1.00000 0.00000 0.00000 0.00000 ( 1)
 399 -   1.00000 0.00000 0.00000 0.00000 ( 1)
 400 -   1.00000 0.00000 0.00000 0.00000 ( 1)
 401 -   1.00000 0.00000 0.00000 0.00000 ( 1)
 402 -   1.00000 0.00000 0.00000 0.00000 ( 1)
 403 -   1.00000 0.00000 0.00000 0.00000 ( 1)
 404 -   1.00000 0.00000 0.00000 0.00000 ( 1)
 405 -   1.00000 0.00000 0.00000 0.00000 ( 1)
 406 -   1.00000 0.00000 0.00000 0.00000 ( 1)
 407 -   1.00000 0.00000 0.00000 0.00000 ( 1)
 408 -   1.00000 0.00000 0.00000 0.00000 ( 1)
 409 -   1.00000 0.00000 0.00000 0.00000 ( 1)
 410 -   1.00000 0.00000 0.00000 0.00000 ( 1)
 411 -   1.00000 0.00000 0.00000 0.00000 ( 1)
 412 -   1.00000 0.00000 0.00000 0.00000 ( 1)
 413 -   1.00000 0.00000 0.00000 0.00000 ( 1)
 414 -   1.00000 0.00000 0.00000 0.00000 ( 1)
 415 -   1.00000 0.00000 0.00000 0.00000 ( 1)
 416 -   1.00000 0.00000 0.00000 0.00000 ( 1)
 417 -   1.00000 0.00000 0.00000 0.00000 ( 1)
 418 -   1.00000 0.00000 0.00000 0.00000 ( 1)
 419 -   1.00000 0.00000 0.00000 0.00000 ( 1)
 420 -   1.00000 0.00000 0.00000 0.00000 ( 1)
 421 -   1.00000 0.00000 0.00000 0.00000 ( 1)
 422 -   1.00000 0.00000 0.00000 0.00000 ( 1)
 423 -   1.00000 0.00000 0.00000 0.00000 ( 1)
 424 -   1.00000 0.00000 0.00000 0.00000 ( 1)
 425 -   1.00000 0.00000 0.00000 0.00000 ( 1)
 426 -   1.00000 0.00000 0.00000 0.00000 ( 1)
 427 -   1.00000 0.00000 0.00000 0.00000 ( 1)
 428 -   1.00000 0.00000 0.00000 0.00000 ( 1)
 429 -   1.00000 0.00000 0.00000 0.00000 ( 1)
 430 -   1.00000 0.00000 0.00000 0.00000 ( 1)
 431 -   1.00000 0.00000 0.00000 0.00000 ( 1)
 432 -   1.00000 0.00000 0.00000 0.00000 ( 1)
 433 -   1.00000 0.00000 0.00000 0.00000 ( 1)
 434 -   1.00000 0.00000 0.00000 0.00000 ( 1)
 435 -   1.00000 0.00000 0.00000 0.00000 ( 1)
 436 -   1.00000 0.00000 0.00000 0.00000 ( 1)
 437 -   1.00000 0.00000 0.00000 0.00000 ( 1)
 438 -   1.00000 0.00000 0.00000 0.00000 ( 1)
 439 -   1.00000 0.00000 0.00000 0.00000 ( 1)
 440 -   1.00000 0.00000 0.00000 0.00000 ( 1)
 441 -   1.00000 0.00000 0.00000 0.00000 ( 1)
 442 -   1.00000 0.00000 0.00000 0.00000 ( 1)
 443 -   1.00000 0.00000 0.00000 0.00000 ( 1)
 444 -   1.00000 0.00000 0.00000 0.00000 ( 1)
 445 -   1.00000 0.00000 0.00000 0.00000 ( 1)
 446 -   1.00000 0.00000 0.00000 0.00000 ( 1)
 447 *   1.00000 0.00000 0.00000 0.00000 ( 1)
 448 -   1.00000 0.00000 0.00000 0.00000 ( 1)
 449 -   1.00000 0.00000 0.00000 0.00000 ( 1)
 450 -   1.00000 0.00000 0.00000 0.00000 ( 1)
 451 -   1.00000 0.00000 0.00000 0.00000 ( 1)
 452 -   1.00000 0.00000 0.00000 0.00000 ( 1)
 453 -   1.00000 0.00000 0.00000 0.00000 ( 1)
 454 -   1.00000 0.00000 0.00000 0.00000 ( 1)
 455 E   1.00000 0.00000 0.00000 0.00000 ( 1)
 456 -   1.00000 0.00000 0.00000 0.00000 ( 1)
 457 -   1.00000 0.00000 0.00000 0.00000 ( 1)
 458 -   1.00000 0.00000 0.00000 0.00000 ( 1)
 459 -   1.00000 0.00000 0.00000 0.00000 ( 1)
 460 -   1.00000 0.00000 0.00000 0.00000 ( 1)
 461 -   1.00000 0.00000 0.00000 0.00000 ( 1)
 462 -   1.00000 0.00000 0.00000 0.00000 ( 1)
 463 -   1.00000 0.00000 0.00000 0.00000 ( 1)
 464 -   1.00000 0.00000 0.00000 0.00000 ( 1)
 465 -   1.00000 0.00000 0.00000 0.00000 ( 1)
 466 *   1.00000 0.00000 0.00000 0.00000 ( 1)
 467 *   1.00000 0.00000 0.00000 0.00000 ( 1)
 468 V   1.00000 0.00000 0.00000 0.00000 ( 1)
 469 V   1.00000 0.00000 0.00000 0.00000 ( 1)
 470 Q   1.00000 0.00000 0.00000 0.00000 ( 1)
 471 L   1.00000 0.00000 0.00000 0.00000 ( 1)
 472 L   1.00000 0.00000 0.00000 0.00000 ( 1)
 473 D   1.00000 0.00000 0.00000 0.00000 ( 1)
 474 R   1.00000 0.00000 0.00000 0.00000 ( 1)
 475 S   1.00000 0.00000 0.00000 0.00000 ( 1)
 476 P   1.00000 0.00000 0.00000 0.00000 ( 1)
 477 K   1.00000 0.00000 0.00000 0.00000 ( 1)
 478 T   1.00000 0.00000 0.00000 0.00000 ( 1)
 479 V   1.00000 0.00000 0.00000 0.00000 ( 1)
 480 V   1.00000 0.00000 0.00000 0.00000 ( 1)
 481 V   1.00000 0.00000 0.00000 0.00000 ( 1)
 482 I   1.00000 0.00000 0.00000 0.00000 ( 1)
 483 R   1.00000 0.00000 0.00000 0.00000 ( 1)
 484 T   1.00000 0.00000 0.00000 0.00000 ( 1)
 485 A   1.00000 0.00000 0.00000 0.00000 ( 1)
 486 N   1.00000 0.00000 0.00000 0.00000 ( 1)
 487 *   1.00000 0.00000 0.00000 0.00000 ( 1)
 488 *   1.00000 0.00000 0.00000 0.00000 ( 1)
 489 -   1.00000 0.00000 0.00000 0.00000 ( 1)
 490 -   1.00000 0.00000 0.00000 0.00000 ( 1)
 491 -   1.00000 0.00000 0.00000 0.00000 ( 1)
 492 -   1.00000 0.00000 0.00000 0.00000 ( 1)
 493 -   1.00000 0.00000 0.00000 0.00000 ( 1)
 494 -   1.00000 0.00000 0.00000 0.00000 ( 1)
 495 -   1.00000 0.00000 0.00000 0.00000 ( 1)
 496 -   1.00000 0.00000 0.00000 0.00000 ( 1)
 497 -   1.00000 0.00000 0.00000 0.00000 ( 1)
 498 -   1.00000 0.00000 0.00000 0.00000 ( 1)
 499 -   1.00000 0.00000 0.00000 0.00000 ( 1)
 500 -   1.00000 0.00000 0.00000 0.00000 ( 1)
 501 -   1.00000 0.00000 0.00000 0.00000 ( 1)
 502 -   1.00000 0.00000 0.00000 0.00000 ( 1)
 503 -   1.00000 0.00000 0.00000 0.00000 ( 1)
 504 -   1.00000 0.00000 0.00000 0.00000 ( 1)
 505 -   1.00000 0.00000 0.00000 0.00000 ( 1)
 506 -   1.00000 0.00000 0.00000 0.00000 ( 1)
 507 -   1.00000 0.00000 0.00000 0.00000 ( 1)
 508 -   1.00000 0.00000 0.00000 0.00000 ( 1)
 509 -   1.00000 0.00000 0.00000 0.00000 ( 1)
 510 -   1.00000 0.00000 0.00000 0.00000 ( 1)
 511 -   1.00000 0.00000 0.00000 0.00000 ( 1)
 512 -   1.00000 0.00000 0.00000 0.00000 ( 1)
 513 -   1.00000 0.00000 0.00000 0.00000 ( 1)
 514 -   1.00000 0.00000 0.00000 0.00000 ( 1)
 515 -   1.00000 0.00000 0.00000 0.00000 ( 1)
 516 -   1.00000 0.00000 0.00000 0.00000 ( 1)
 517 -   1.00000 0.00000 0.00000 0.00000 ( 1)
 518 -   1.00000 0.00000 0.00000 0.00000 ( 1)
 519 -   1.00000 0.00000 0.00000 0.00000 ( 1)
 520 -   1.00000 0.00000 0.00000 0.00000 ( 1)
 521 -   1.00000 0.00000 0.00000 0.00000 ( 1)
 522 -   1.00000 0.00000 0.00000 0.00000 ( 1)
 523 -   1.00000 0.00000 0.00000 0.00000 ( 1)
 524 -   1.00000 0.00000 0.00000 0.00000 ( 1)
 525 -   1.00000 0.00000 0.00000 0.00000 ( 1)
 526 -   1.00000 0.00000 0.00000 0.00000 ( 1)
 527 -   1.00000 0.00000 0.00000 0.00000 ( 1)
 528 -   1.00000 0.00000 0.00000 0.00000 ( 1)
 529 -   1.00000 0.00000 0.00000 0.00000 ( 1)
 530 -   1.00000 0.00000 0.00000 0.00000 ( 1)
 531 -   1.00000 0.00000 0.00000 0.00000 ( 1)
 532 -   1.00000 0.00000 0.00000 0.00000 ( 1)
 533 -   1.00000 0.00000 0.00000 0.00000 ( 1)
 534 -   1.00000 0.00000 0.00000 0.00000 ( 1)
 535 -   1.00000 0.00000 0.00000 0.00000 ( 1)
 536 -   1.00000 0.00000 0.00000 0.00000 ( 1)
 537 -   1.00000 0.00000 0.00000 0.00000 ( 1)
 538 -   1.00000 0.00000 0.00000 0.00000 ( 1)
 539 -   1.00000 0.00000 0.00000 0.00000 ( 1)
 540 -   1.00000 0.00000 0.00000 0.00000 ( 1)
 541 -   1.00000 0.00000 0.00000 0.00000 ( 1)
 542 -   1.00000 0.00000 0.00000 0.00000 ( 1)
 543 -   1.00000 0.00000 0.00000 0.00000 ( 1)
 544 -   1.00000 0.00000 0.00000 0.00000 ( 1)
 545 -   1.00000 0.00000 0.00000 0.00000 ( 1)
 546 -   1.00000 0.00000 0.00000 0.00000 ( 1)
 547 -   1.00000 0.00000 0.00000 0.00000 ( 1)
 548 -   1.00000 0.00000 0.00000 0.00000 ( 1)
 549 -   1.00000 0.00000 0.00000 0.00000 ( 1)
 550 -   1.00000 0.00000 0.00000 0.00000 ( 1)
 551 -   1.00000 0.00000 0.00000 0.00000 ( 1)
 552 -   1.00000 0.00000 0.00000 0.00000 ( 1)
 553 -   1.00000 0.00000 0.00000 0.00000 ( 1)
 554 -   1.00000 0.00000 0.00000 0.00000 ( 1)
 555 -   1.00000 0.00000 0.00000 0.00000 ( 1)
 556 -   1.00000 0.00000 0.00000 0.00000 ( 1)
 557 *   1.00000 0.00000 0.00000 0.00000 ( 1)
 558 P   1.00000 0.00000 0.00000 0.00000 ( 1)
 559 L   1.00000 0.00000 0.00000 0.00000 ( 1)
 560 E   1.00000 0.00000 0.00000 0.00000 ( 1)
 561 T   1.00000 0.00000 0.00000 0.00000 ( 1)
 562 -   1.00000 0.00000 0.00000 0.00000 ( 1)


lnL = -2470.928104

