

TREE # 1

  0  0.0000   2504.731933  x:  0.00582   0.00427   0.00595   0.00152   0.00739   0.00262   0.00211   0.00132   0.00306   0.00231   0.00484   0.00306   0.00428   0.00279   0.00076   0.00680   0.00662   0.01411   0.01087   0.00725   0.00000   0.00235   0.01049   0.00561   0.00264   0.00591   0.00388   3.00000   1.29285   0.00816   0.23306  
  1 99.0000   2504.724669  x:  0.00582   0.00427   0.00595   0.00152   0.00739   0.00262   0.00211   0.00132   0.00306   0.00230   0.00484   0.00306   0.00428   0.00279   0.00076   0.00680   0.00662   0.01411   0.01087   0.00725   0.00000   0.00235   0.01049   0.00561   0.00264   0.00591   0.00388   3.00000   1.29285   0.00816   0.23306  
  2 2217.7863   2498.694106  x:  0.00573   0.00351   0.00559   0.00076   0.00693   0.00187   0.00136   0.00056   0.00310   0.00155   0.00408   0.00230   0.00352   0.00288   0.00000   0.00648   0.00654   0.01408   0.01080   0.00687   0.00000   0.00193   0.01010   0.00488   0.00273   0.00521   0.00314   3.00000   1.29285   0.00816   0.23304  
  3 47136.3001   2494.673815  x:  0.00571   0.00296   0.00542   0.00021   0.00667   0.00131   0.00080   0.00000   0.00312   0.00099   0.00353   0.00175   0.00297   0.00288   0.00000   0.00631   0.00651   0.01408   0.01076   0.00666   0.00000   0.00163   0.00987   0.00434   0.00272   0.00469   0.00259   3.00000   1.29285   0.00816   0.23304  
  4 193983.4710   2493.315212  x:  0.00571   0.00275   0.00535   0.00000   0.00657   0.00111   0.00060   0.00000   0.00314   0.00079   0.00332   0.00154   0.00277   0.00288   0.00000   0.00625   0.00650   0.01407   0.01075   0.00658   0.00000   0.00152   0.00978   0.00414   0.00270   0.00450   0.00240   3.00000   1.29285   0.00816   0.23304  
  5 4079532.7059   2489.641861  x:  0.00616   0.00217   0.00535   0.00000   0.00611   0.00052   0.00000   0.00000   0.00295   0.00019   0.00272   0.00095   0.00217   0.00266   0.00000   0.00599   0.00667   0.01417   0.01079   0.00626   0.00000   0.00118   0.00936   0.00355   0.00301   0.00399   0.00181   3.00000   1.29285   0.00815   0.23299  
  6 7798.7434   2488.617923  x:  0.00617   0.00199   0.00537   0.00000   0.00600   0.00033   0.00000   0.00000   0.00288   0.00000   0.00253   0.00077   0.00199   0.00275   0.00000   0.00593   0.00670   0.01420   0.01080   0.00619   0.00000   0.00107   0.00924   0.00337   0.00297   0.00384   0.00162   3.00000   1.29285   0.00815   0.23297  
  7 5643.4708   2487.010580  x:  0.00608   0.00167   0.00537   0.00000   0.00586   0.00000   0.00000   0.00000   0.00291   0.00000   0.00220   0.00044   0.00166   0.00272   0.00000   0.00586   0.00669   0.01423   0.01080   0.00609   0.00000   0.00088   0.00907   0.00304   0.00297   0.00358   0.00129   3.00000   1.29285   0.00816   0.23292  
  8 17566.7402   2485.114048  x:  0.00610   0.00124   0.00520   0.00000   0.00576   0.00000   0.00000   0.00000   0.00291   0.00000   0.00175   0.00000   0.00121   0.00273   0.00000   0.00577   0.00663   0.01420   0.01075   0.00598   0.00000   0.00062   0.00895   0.00260   0.00296   0.00324   0.00084   3.00000   1.29285   0.00816   0.23285  
  9 26910.6434   2482.112609  x:  0.00597   0.00045   0.00487   0.00000   0.00554   0.00000   0.00000   0.00000   0.00293   0.00000   0.00089   0.00000   0.00036   0.00273   0.00000   0.00545   0.00712   0.01419   0.01082   0.00574   0.00000   0.00015   0.00915   0.00176   0.00295   0.00256   0.00000   3.00000   1.29285   0.00816   0.23271  
 10 5227.7070   2481.368316  x:  0.00597   0.00022   0.00487   0.00000   0.00547   0.00000   0.00000   0.00000   0.00293   0.00000   0.00064   0.00000   0.00011   0.00273   0.00000   0.00540   0.00709   0.01420   0.01082   0.00569   0.00000   0.00000   0.00915   0.00151   0.00294   0.00235   0.00000   3.00000   1.29285   0.00816   0.23267  