Supplemental results for CODEML (seqf: align.phy  treef: tree)


dN/dS (w) for site classes (K=4)

site class             0        1       2a       2b
proportion       0.78777  0.08894  0.11079  0.01251
background w     0.00000  1.00000  0.00000  1.00000
foreground w     0.00000  1.00000  1.00000  1.00000

Naive Empirical Bayes (NEB) probabilities for 4 classes
(amino acids refer to 1st sequence: Cadus)

   1 -   0.80870 0.06801 0.11373 0.00956 ( 1)
   2 -   0.81237 0.06434 0.11424 0.00905 ( 1)
   3 -   0.79494 0.08177 0.11179 0.01150 ( 1)
   4 -   0.80651 0.07019 0.11342 0.00987 ( 1)
   5 *   0.79494 0.08177 0.11179 0.01150 ( 1)
   6 *   0.80870 0.06801 0.11373 0.00956 ( 1)
   7 -   0.79378 0.08293 0.11163 0.01166 ( 1)
   8 -   0.80591 0.07080 0.11334 0.00996 ( 1)
   9 W   0.79775 0.07895 0.11219 0.01110 ( 1)
  10 G   0.79329 0.08341 0.11156 0.01173 ( 1)
  11 L   0.80824 0.06847 0.11366 0.00963 ( 1)
  12 L   0.79697 0.07974 0.11208 0.01121 ( 1)
  13 L   0.79643 0.08027 0.11200 0.01129 ( 1)
  14 V   0.80338 0.07332 0.11298 0.01031 ( 1)
  15 L   0.80710 0.06960 0.11350 0.00979 ( 1)
  16 W   0.79718 0.07953 0.11211 0.01118 ( 1)
  17 G   0.80947 0.06724 0.11384 0.00946 ( 1)
  18 S   0.80593 0.07078 0.11334 0.00995 ( 1)
  19 C   0.80491 0.07179 0.11320 0.01010 ( 1)
  20 T   0.80914 0.06757 0.11379 0.00950 ( 1)
  21 F   0.80774 0.06897 0.11359 0.00970 ( 1)
  22 G   0.80167 0.07504 0.11274 0.01055 ( 1)
  23 L   0.80649 0.07021 0.11342 0.00987 ( 1)
  24 P   0.79324 0.08347 0.11155 0.01174 ( 1)
  25 A   0.79351 0.08320 0.11159 0.01170 ( 1)
  26 D   0.81050 0.06620 0.11398 0.00931 ( 1)
  27 T   0.79986 0.07685 0.11249 0.01081 ( 1)
  28 G   0.79279 0.08392 0.11149 0.01180 ( 1)
  29 A   0.81031 0.06640 0.11395 0.00934 ( 1)
  30 F   0.80773 0.06897 0.11359 0.00970 ( 1)
  31 R   0.79429 0.08241 0.11170 0.01159 ( 1)
  32 R   0.79763 0.07908 0.11217 0.01112 ( 1)
  33 -   0.81354 0.06317 0.11441 0.00888 ( 1)
  34 -   0.80957 0.06713 0.11385 0.00944 ( 1)
  35 -   0.80824 0.06847 0.11366 0.00963 ( 1)
  36 -   0.80396 0.07274 0.11306 0.01023 ( 1)
  37 -   0.79563 0.08108 0.11189 0.01140 ( 1)
  38 -   0.80870 0.06801 0.11373 0.00956 ( 1)
  39 -   0.80716 0.06954 0.11351 0.00978 ( 1)
  40 -   0.80700 0.06971 0.11349 0.00980 ( 1)
  41 -   0.81354 0.06317 0.11441 0.00888 ( 1)
  42 -   0.79859 0.07811 0.11231 0.01099 ( 1)
  43 -   0.79651 0.08019 0.11202 0.01128 ( 1)
  44 -   0.81087 0.06583 0.11403 0.00926 ( 1)
  45 -   0.79697 0.07974 0.11208 0.01121 ( 1)
  46 -   0.80396 0.07274 0.11306 0.01023 ( 1)
  47 -   0.80509 0.07161 0.11322 0.01007 ( 1)
  48 -   0.79062 0.08608 0.11119 0.01211 ( 1)
  49 -   0.81073 0.06598 0.11401 0.00928 ( 1)
  50 -   0.80433 0.07238 0.11311 0.01018 ( 1)
  51 -   0.79718 0.07953 0.11211 0.01118 ( 1)
  52 -   0.80433 0.07238 0.11311 0.01018 ( 1)
  53 -   0.81237 0.06434 0.11424 0.00905 ( 1)
  54 -   0.00000 0.87671 0.00000 0.12329 ( 2)
  55 -   0.79415 0.08256 0.11168 0.01161 ( 1)
  56 -   0.80300 0.07371 0.11293 0.01037 ( 1)
  57 -   0.79559 0.08112 0.11189 0.01141 ( 1)
  58 -   0.80509 0.07161 0.11322 0.01007 ( 1)
  59 -   0.79775 0.07895 0.11219 0.01110 ( 1)
  60 -   0.81146 0.06524 0.11412 0.00918 ( 1)
  61 -   0.79842 0.07829 0.11228 0.01101 ( 1)
  62 -   0.80957 0.06713 0.11385 0.00944 ( 1)
  63 -   0.00001 0.87670 0.00000 0.12329 ( 2)
  64 -   0.80397 0.07274 0.11306 0.01023 ( 1)
  65 -   0.79494 0.08177 0.11179 0.01150 ( 1)
  66 -   0.80824 0.06847 0.11366 0.00963 ( 1)
  67 -   0.80700 0.06971 0.11349 0.00980 ( 1)
  68 -   0.79372 0.08298 0.11162 0.01167 ( 1)
  69 -   0.81073 0.06598 0.11401 0.00928 ( 1)
  70 -   0.81147 0.06524 0.11412 0.00918 ( 1)
  71 -   0.81087 0.06583 0.11403 0.00926 ( 1)
  72 -   0.81109 0.06562 0.11406 0.00923 ( 1)
  73 -   0.80700 0.06971 0.11349 0.00980 ( 1)
  74 -   0.80716 0.06954 0.11351 0.00978 ( 1)
  75 -   0.80433 0.07238 0.11311 0.01018 ( 1)
  76 -   0.81260 0.06411 0.11428 0.00902 ( 1)
  77 -   0.80824 0.06847 0.11366 0.00963 ( 1)
  78 -   0.81109 0.06562 0.11406 0.00923 ( 1)
  79 -   0.81146 0.06524 0.11412 0.00918 ( 1)
  80 -   0.80620 0.07050 0.11338 0.00992 ( 1)
  81 -   0.79697 0.07974 0.11208 0.01121 ( 1)
  82 -   0.79856 0.07815 0.11230 0.01099 ( 1)
  83 -   0.81042 0.06629 0.11397 0.00932 ( 1)
  84 -   0.79675 0.07996 0.11205 0.01124 ( 1)
  85 -   0.80620 0.07050 0.11338 0.00992 ( 1)
  86 -   0.80576 0.07094 0.11332 0.00998 ( 1)
  87 -   0.81073 0.06598 0.11401 0.00928 ( 1)
  88 -   0.80509 0.07161 0.11322 0.01007 ( 1)
  89 -   0.79709 0.07961 0.11210 0.01120 ( 1)
  90 -   0.81073 0.06598 0.11401 0.00928 ( 1)
  91 -   0.81354 0.06317 0.11441 0.00888 ( 1)
  92 -   0.81073 0.06598 0.11401 0.00928 ( 1)
  93 -   0.81109 0.06562 0.11406 0.00923 ( 1)
  94 -   0.79272 0.08399 0.11148 0.01181 ( 1)
  95 -   0.80716 0.06955 0.11351 0.00978 ( 1)
  96 -   0.79842 0.07829 0.11228 0.01101 ( 1)
  97 -   0.81109 0.06562 0.11406 0.00923 ( 1)
  98 -   0.80957 0.06713 0.11385 0.00944 ( 1)
  99 -   0.79563 0.08108 0.11189 0.01140 ( 1)
 100 -   0.81260 0.06411 0.11428 0.00902 ( 1)
 101 -   0.00001 0.87670 0.00000 0.12329 ( 2)
 102 -   0.80957 0.06713 0.11385 0.00944 ( 1)
 103 -   0.81257 0.06414 0.11427 0.00902 ( 1)
 104 -   0.80325 0.07346 0.11296 0.01033 ( 1)
 105 -   0.81073 0.06598 0.11401 0.00928 ( 1)
 106 -   0.79949 0.07722 0.11243 0.01086 ( 1)
 107 -   0.81237 0.06434 0.11424 0.00905 ( 1)
 108 -   0.81147 0.06524 0.11412 0.00918 ( 1)
 109 -   0.80824 0.06847 0.11366 0.00963 ( 1)
 110 -   0.79775 0.07895 0.11219 0.01110 ( 1)
 111 -   0.80433 0.07238 0.11311 0.01018 ( 1)
 112 -   0.80716 0.06954 0.11351 0.00978 ( 1)
 113 -   0.80700 0.06971 0.11349 0.00980 ( 1)
 114 -   0.81109 0.06562 0.11406 0.00923 ( 1)
 115 -   0.00001 0.87670 0.00000 0.12329 ( 2)
 116 -   0.80651 0.07019 0.11342 0.00987 ( 1)
 117 -   0.81087 0.06583 0.11403 0.00926 ( 1)
 118 -   0.79400 0.08271 0.11166 0.01163 ( 1)
 119 -   0.80824 0.06847 0.11366 0.00963 ( 1)
 120 *   0.80620 0.07050 0.11338 0.00992 ( 1)
 121 *   0.79371 0.08299 0.11162 0.01167 ( 1)
 122 A   0.81237 0.06434 0.11424 0.00905 ( 1)
 123 C   0.79418 0.08252 0.11169 0.01161 ( 1)
 124 *   0.80367 0.07304 0.11302 0.01027 ( 1)
 125 -   0.79709 0.07961 0.11210 0.01120 ( 1)
 126 -   0.80749 0.06922 0.11356 0.00973 ( 1)
 127 -   0.80651 0.07019 0.11342 0.00987 ( 1)
 128 -   0.80824 0.06847 0.11366 0.00963 ( 1)
 129 -   0.79346 0.08325 0.11159 0.01171 ( 1)
 130 -   0.81257 0.06414 0.11427 0.00902 ( 1)
 131 *   0.80700 0.06971 0.11349 0.00980 ( 1)
 132 S   0.79949 0.07722 0.11243 0.01086 ( 1)
 133 E   0.79651 0.08019 0.11202 0.01128 ( 1)
 134 S   0.80700 0.06971 0.11349 0.00980 ( 1)
 135 S   0.80700 0.06971 0.11349 0.00980 ( 1)
 136 S   0.81087 0.06583 0.11403 0.00926 ( 1)
 137 Y   0.80620 0.07050 0.11338 0.00992 ( 1)
 138 M   0.80870 0.06801 0.11373 0.00956 ( 1)
 139 E   0.80509 0.07161 0.11322 0.01007 ( 1)
 140 N   0.81146 0.06524 0.11412 0.00918 ( 1)
 141 G   0.80300 0.07371 0.11293 0.01037 ( 1)
 142 T   0.80325 0.07346 0.11296 0.01033 ( 1)
 143 T   0.79371 0.08299 0.11162 0.01167 ( 1)
 144 F   0.80957 0.06713 0.11385 0.00944 ( 1)
 145 T   0.81109 0.06562 0.11406 0.00923 ( 1)
 146 I   0.81354 0.06317 0.11441 0.00888 ( 1)
 147 R   0.80591 0.07080 0.11334 0.00996 ( 1)
 148 Y   0.80620 0.07050 0.11338 0.00992 ( 1)
 149 G   0.79329 0.08341 0.11156 0.01173 ( 1)
 150 S   0.79372 0.08298 0.11162 0.01167 ( 1)
 151 G   0.80300 0.07371 0.11293 0.01037 ( 1)
 152 K   0.80397 0.07274 0.11306 0.01023 ( 1)
 153 V   0.81260 0.06410 0.11428 0.00902 ( 1)
 154 *   0.79563 0.08108 0.11189 0.01140 ( 1)
 155 G   0.81073 0.06598 0.11401 0.00928 ( 1)
 156 -   0.80957 0.06713 0.11385 0.00944 ( 1)
 157 -   0.79697 0.07974 0.11208 0.01121 ( 1)
 158 -   0.81087 0.06583 0.11403 0.00926 ( 1)
 159 -   0.79842 0.07829 0.11228 0.01101 ( 1)
 160 -   0.81257 0.06414 0.11427 0.00902 ( 1)
 161 -   0.80870 0.06801 0.11373 0.00956 ( 1)
 162 -   0.80433 0.07238 0.11311 0.01018 ( 1)
 163 -   0.79513 0.08157 0.11182 0.01147 ( 1)
 164 -   0.80433 0.07238 0.11311 0.01018 ( 1)
 165 -   0.81073 0.06598 0.11401 0.00928 ( 1)
 166 -   0.79329 0.08341 0.11156 0.01173 ( 1)
 167 -   0.81354 0.06317 0.11441 0.00888 ( 1)
 168 -   0.79371 0.08299 0.11162 0.01167 ( 1)
 169 -   0.80433 0.07238 0.11311 0.01018 ( 1)
 170 -   0.79371 0.08299 0.11162 0.01167 ( 1)
 171 *   0.79842 0.07829 0.11228 0.01101 ( 1)
 172 *   0.80325 0.07346 0.11296 0.01033 ( 1)
 173 F   0.79577 0.08094 0.11191 0.01138 ( 1)
 174 G   0.79329 0.08341 0.11156 0.01173 ( 1)
 175 E   0.80509 0.07161 0.11322 0.01007 ( 1)
 176 V   0.81260 0.06410 0.11428 0.00902 ( 1)
 177 T   0.79371 0.08299 0.11162 0.01167 ( 1)
 178 E   0.80510 0.07161 0.11322 0.01007 ( 1)
 179 L   0.79697 0.07974 0.11208 0.01121 ( 1)
 180 P   0.80716 0.06954 0.11351 0.00978 ( 1)
 181 L   0.79697 0.07974 0.11208 0.01121 ( 1)
 182 I   0.79977 0.07694 0.11247 0.01082 ( 1)
 183 P   0.80716 0.06954 0.11351 0.00978 ( 1)
 184 F   0.80957 0.06713 0.11385 0.00944 ( 1)
 185 M   0.80870 0.06801 0.11373 0.00956 ( 1)
 186 L   0.79697 0.07974 0.11208 0.01121 ( 1)
 187 A   0.81237 0.06434 0.11424 0.00905 ( 1)
 188 K   0.80397 0.07274 0.11306 0.01023 ( 1)
 189 F   0.79577 0.08094 0.11191 0.01138 ( 1)
 190 D   0.79718 0.07953 0.11211 0.01118 ( 1)
 191 G   0.80300 0.07371 0.11293 0.01037 ( 1)
 192 V   0.79568 0.08102 0.11190 0.01139 ( 1)
 193 L   0.79697 0.07974 0.11208 0.01121 ( 1)
 194 G   0.81073 0.06597 0.11401 0.00928 ( 1)
 195 M   0.80870 0.06801 0.11373 0.00956 ( 1)
 196 G   0.81073 0.06597 0.11401 0.00928 ( 1)
 197 F   0.80957 0.06713 0.11385 0.00944 ( 1)
 198 P   0.79378 0.08292 0.11163 0.01166 ( 1)
 199 A   0.79408 0.08262 0.11167 0.01162 ( 1)
 200 Q   0.79842 0.07829 0.11228 0.01101 ( 1)
 201 A   0.79559 0.08112 0.11189 0.01141 ( 1)
 202 V   0.79568 0.08102 0.11190 0.01139 ( 1)
 203 G   0.79501 0.08169 0.11180 0.01149 ( 1)
 204 G   0.80575 0.07095 0.11331 0.00998 ( 1)
 205 V   0.81260 0.06410 0.11428 0.00902 ( 1)
 206 T   0.81109 0.06562 0.11406 0.00923 ( 1)
 207 P   0.80716 0.06954 0.11351 0.00978 ( 1)
 208 V   0.81260 0.06410 0.11428 0.00902 ( 1)
 209 F   0.79577 0.08094 0.11191 0.01138 ( 1)
 210 D   0.81257 0.06414 0.11427 0.00902 ( 1)
 211 H   0.80749 0.06922 0.11356 0.00973 ( 1)
 212 I   0.81354 0.06317 0.11441 0.00888 ( 1)
 213 L   0.80824 0.06847 0.11366 0.00963 ( 1)
 214 S   0.80700 0.06971 0.11349 0.00980 ( 1)
 215 Q   0.79312 0.08358 0.11154 0.01175 ( 1)
 216 G   0.80300 0.07371 0.11293 0.01037 ( 1)
 217 V   0.80433 0.07238 0.11311 0.01018 ( 1)
 218 L   0.79149 0.08522 0.11131 0.01198 ( 1)
 219 K   0.80397 0.07274 0.11306 0.01023 ( 1)
 220 E   0.80509 0.07161 0.11322 0.01007 ( 1)
 221 E   0.00001 0.87670 0.00000 0.12329 ( 2)
 222 V   0.79568 0.08102 0.11190 0.01139 ( 1)
 223 F   0.80957 0.06713 0.11385 0.00944 ( 1)
 224 S   0.79188 0.08482 0.11136 0.01193 ( 1)
 225 V   0.81260 0.06410 0.11428 0.00902 ( 1)
 226 Y   0.80620 0.07050 0.11338 0.00992 ( 1)
 227 Y   0.80620 0.07050 0.11338 0.00992 ( 1)
 228 S   0.81087 0.06583 0.11403 0.00926 ( 1)
 229 R   0.80347 0.07324 0.11299 0.01030 ( 1)
 230 N   0.79647 0.08024 0.11201 0.01128 ( 1)
 231 S   0.79372 0.08298 0.11162 0.01167 ( 1)
 232 H   0.80749 0.06922 0.11356 0.00973 ( 1)
 233 L   0.79818 0.07852 0.11225 0.01104 ( 1)
 234 L   0.80803 0.06868 0.11363 0.00966 ( 1)
 235 G   0.79330 0.08341 0.11156 0.01173 ( 1)
 236 G   0.79330 0.08341 0.11156 0.01173 ( 1)
 237 E   0.80510 0.07161 0.11322 0.01007 ( 1)
 238 V   0.81260 0.06410 0.11428 0.00902 ( 1)
 239 *   0.00001 0.87670 0.00000 0.12329 ( 2)
 240 L   0.79818 0.07852 0.11225 0.01104 ( 1)
 241 -   0.79329 0.08341 0.11156 0.01173 ( 1)
 242 -   0.81073 0.06598 0.11401 0.00928 ( 1)
 243 -   0.81087 0.06583 0.11403 0.00926 ( 1)
 244 -   0.81257 0.06414 0.11427 0.00902 ( 1)
 245 -   0.80716 0.06954 0.11351 0.00978 ( 1)
 246 -   0.79842 0.07829 0.11228 0.01101 ( 1)
 247 -   0.79346 0.08325 0.11159 0.01171 ( 1)
 248 -   0.80620 0.07050 0.11338 0.00992 ( 1)
 249 *   0.79312 0.08358 0.11154 0.01175 ( 1)
 250 G   0.80300 0.07371 0.11293 0.01037 ( 1)
 251 N   0.79647 0.08024 0.11201 0.01128 ( 1)
 252 F   0.80957 0.06713 0.11385 0.00944 ( 1)
 253 *   0.80749 0.06922 0.11356 0.00973 ( 1)
 254 Y   0.80620 0.07050 0.11338 0.00992 ( 1)
 255 V   0.80433 0.07238 0.11311 0.01018 ( 1)
 256 S   0.81087 0.06583 0.11403 0.00926 ( 1)
 257 V   0.00000 0.87671 0.00000 0.12329 ( 2)
 258 *   0.81087 0.06583 0.11403 0.00926 ( 1)
 259 -   0.80397 0.07274 0.11306 0.01023 ( 1)
 260 -   0.79513 0.08157 0.11182 0.01147 ( 1)
 261 -   0.79501 0.08169 0.11180 0.01149 ( 1)
 262 *   0.80700 0.06971 0.11349 0.00980 ( 1)
 263 -   0.79775 0.07895 0.11219 0.01110 ( 1)
 264 -   0.79842 0.07829 0.11228 0.01101 ( 1)
 265 -   0.81354 0.06317 0.11441 0.00888 ( 1)
 266 -   0.79563 0.08108 0.11189 0.01140 ( 1)
 267 -   0.80870 0.06801 0.11373 0.00956 ( 1)
 268 -   0.79563 0.08108 0.11189 0.01140 ( 1)
 269 -   0.80300 0.07371 0.11293 0.01037 ( 1)
 270 -   0.80433 0.07238 0.11311 0.01018 ( 1)
 271 -   0.79372 0.08298 0.11162 0.01167 ( 1)
 272 -   0.80433 0.07238 0.11311 0.01018 ( 1)
 273 -   0.80347 0.07324 0.11299 0.01030 ( 1)
 274 -   0.79949 0.07722 0.11243 0.01086 ( 1)
 275 -   0.81237 0.06434 0.11424 0.00905 ( 1)
 276 -   0.81109 0.06562 0.11406 0.00923 ( 1)
 277 -   0.79818 0.07852 0.11225 0.01104 ( 1)
 278 -   0.81194 0.06477 0.11418 0.00911 ( 1)
 279 -   0.79418 0.08252 0.11169 0.01161 ( 1)
 280 -   0.80509 0.07161 0.11322 0.01007 ( 1)
 281 -   0.80509 0.07161 0.11322 0.01007 ( 1)
 282 -   0.81073 0.06598 0.11401 0.00928 ( 1)
 283 -   0.80651 0.07019 0.11342 0.00987 ( 1)
 284 -   0.80870 0.06801 0.11373 0.00956 ( 1)
 285 -   0.79416 0.08255 0.11168 0.01161 ( 1)
 286 -   0.80433 0.07238 0.11311 0.01018 ( 1)
 287 -   0.81260 0.06410 0.11428 0.00902 ( 1)
 288 -   0.79718 0.07953 0.11211 0.01118 ( 1)
 289 -   0.81109 0.06562 0.11406 0.00923 ( 1)
 290 -   0.79501 0.08169 0.11180 0.01149 ( 1)
 291 -   0.79408 0.08262 0.11167 0.01162 ( 1)
 292 -   0.79949 0.07722 0.11243 0.01086 ( 1)
 293 *   0.80620 0.07050 0.11338 0.00992 ( 1)
 294 I   0.81354 0.06317 0.11441 0.00888 ( 1)
 295 S   0.79949 0.07721 0.11243 0.01086 ( 1)
 296 G   0.81073 0.06597 0.11401 0.00928 ( 1)
 297 P   0.80716 0.06954 0.11351 0.00978 ( 1)
 298 T   0.81109 0.06562 0.11406 0.00923 ( 1)
 299 S   0.81087 0.06583 0.11403 0.00926 ( 1)
 300 S   0.80700 0.06971 0.11349 0.00980 ( 1)
 301 L   0.79697 0.07974 0.11208 0.01121 ( 1)
 302 R   0.80347 0.07324 0.11299 0.01030 ( 1)
 303 L   0.79697 0.07974 0.11208 0.01121 ( 1)
 304 L   0.80824 0.06847 0.11366 0.00963 ( 1)
 305 M   0.80870 0.06801 0.11373 0.00956 ( 1)
 306 D   0.81257 0.06414 0.11427 0.00902 ( 1)
 307 T   0.81109 0.06562 0.11406 0.00923 ( 1)
 308 L   0.79697 0.07974 0.11208 0.01121 ( 1)
 309 -   0.80300 0.07371 0.11293 0.01037 ( 1)
 310 *   0.81237 0.06434 0.11424 0.00905 ( 1)
 311 -   0.79842 0.07829 0.11228 0.01101 ( 1)
 312 -   0.80509 0.07161 0.11322 0.01007 ( 1)
 313 -   0.79697 0.07974 0.11208 0.01121 ( 1)
 314 -   0.81087 0.06583 0.11403 0.00926 ( 1)
 315 -   0.79371 0.08299 0.11162 0.01167 ( 1)
 316 -   0.79647 0.08024 0.11201 0.01128 ( 1)
 317 -   0.80509 0.07162 0.11322 0.01007 ( 1)
 318 -   0.80620 0.07050 0.11338 0.00992 ( 1)
 319 -   0.79568 0.08102 0.11190 0.01139 ( 1)
 320 -   0.80433 0.07238 0.11311 0.01018 ( 1)
 321 -   0.81147 0.06524 0.11412 0.00918 ( 1)
 322 -   0.79418 0.08252 0.11169 0.01161 ( 1)
 323 -   0.81147 0.06524 0.11412 0.00918 ( 1)
 324 -   0.79842 0.07829 0.11228 0.01101 ( 1)
 325 -   0.80407 0.07263 0.11308 0.01021 ( 1)
 326 -   0.79359 0.08312 0.11160 0.01169 ( 1)
 327 -   0.79352 0.08318 0.11160 0.01170 ( 1)
 328 -   0.80764 0.06907 0.11358 0.00971 ( 1)
 329 -   0.80659 0.07012 0.11343 0.00986 ( 1)
 330 -   0.81186 0.06484 0.11417 0.00912 ( 1)
 331 -   0.81281 0.06390 0.11431 0.00899 ( 1)
 332 -   0.80643 0.07028 0.11341 0.00988 ( 1)
 333 -   0.80894 0.06777 0.11376 0.00953 ( 1)
 334 -   0.80691 0.06980 0.11348 0.00982 ( 1)
 335 -   0.80764 0.06907 0.11358 0.00971 ( 1)
 336 -   0.79312 0.08359 0.11154 0.01176 ( 1)
 337 -   0.80254 0.07417 0.11286 0.01043 ( 1)
 338 -   0.79471 0.08199 0.11176 0.01153 ( 1)
 339 -   0.81166 0.06504 0.11415 0.00915 ( 1)
 340 -   0.80565 0.07105 0.11330 0.00999 ( 1)
 341 -   0.79352 0.08318 0.11160 0.01170 ( 1)
 342 -   0.79395 0.08276 0.11165 0.01164 ( 1)
 343 -   0.81042 0.06629 0.11397 0.00932 ( 1)
 344 -   0.80306 0.07364 0.11294 0.01036 ( 1)
 345 -   0.00000 0.87671 0.00000 0.12329 ( 2)
 346 -   0.81186 0.06484 0.11417 0.00912 ( 1)
 347 -   0.79328 0.08343 0.11156 0.01173 ( 1)
 348 -   0.80383 0.07288 0.11304 0.01025 ( 1)
 349 -   0.79280 0.08391 0.11149 0.01180 ( 1)
 350 -   0.79808 0.07862 0.11224 0.01106 ( 1)
 351 -   0.79718 0.07953 0.11211 0.01118 ( 1)
 352 -   0.80716 0.06954 0.11351 0.00978 ( 1)
 353 -   0.79346 0.08325 0.11159 0.01171 ( 1)
 354 -   0.79501 0.08169 0.11180 0.01149 ( 1)
 355 -   0.79647 0.08024 0.11201 0.01128 ( 1)
 356 -   0.79651 0.08019 0.11202 0.01128 ( 1)
 357 -   0.81257 0.06414 0.11427 0.00902 ( 1)
 358 -   0.79697 0.07974 0.11208 0.01121 ( 1)
 359 -   0.80651 0.07019 0.11342 0.00987 ( 1)
 360 -   0.81109 0.06562 0.11406 0.00923 ( 1)
 361 *   0.79697 0.07974 0.11208 0.01121 ( 1)
 362 A   0.81237 0.06434 0.11424 0.00905 ( 1)
 363 L   0.80824 0.06847 0.11366 0.00963 ( 1)
 364 H   0.80749 0.06922 0.11356 0.00973 ( 1)
 365 G   0.79501 0.08169 0.11180 0.01149 ( 1)
 366 L   0.79697 0.07974 0.11208 0.01121 ( 1)
 367 D   0.80805 0.06866 0.11364 0.00966 ( 1)
 368 V   0.81260 0.06410 0.11428 0.00902 ( 1)
 369 P   0.79261 0.08409 0.11147 0.01183 ( 1)
 370 P   0.80052 0.07619 0.11258 0.01071 ( 1)
 371 P   0.80716 0.06954 0.11351 0.00978 ( 1)
 372 T   0.79513 0.08157 0.11182 0.01147 ( 1)
 373 G   0.80300 0.07371 0.11293 0.01037 ( 1)
 374 P   0.79378 0.08292 0.11163 0.01166 ( 1)
 375 V   0.81260 0.06410 0.11428 0.00902 ( 1)
 376 W   0.79775 0.07895 0.11219 0.01110 ( 1)
 377 V   0.81094 0.06576 0.11404 0.00925 ( 1)
 378 L   0.79697 0.07974 0.11208 0.01121 ( 1)
 379 G   0.81073 0.06598 0.11401 0.00928 ( 1)
 380 A   0.81237 0.06434 0.11424 0.00905 ( 1)
 381 S   0.81087 0.06583 0.11403 0.00926 ( 1)
 382 F   0.80957 0.06713 0.11385 0.00944 ( 1)
 383 I   0.81354 0.06317 0.11441 0.00888 ( 1)
 384 R   0.80591 0.07080 0.11334 0.00996 ( 1)
 385 K   0.80396 0.07274 0.11306 0.01023 ( 1)
 386 F   0.80957 0.06713 0.11385 0.00944 ( 1)
 387 Y   0.80620 0.07050 0.11338 0.00992 ( 1)
 388 T   0.80325 0.07346 0.11296 0.01033 ( 1)
 389 E   0.80509 0.07161 0.11322 0.01007 ( 1)
 390 F   0.79576 0.08094 0.11191 0.01138 ( 1)
 391 D   0.79718 0.07953 0.11211 0.01118 ( 1)
 392 R   0.79859 0.07811 0.11231 0.01099 ( 1)
 393 H   0.79488 0.08183 0.11179 0.01151 ( 1)
 394 N   0.81146 0.06524 0.11412 0.00918 ( 1)
 395 N   0.79781 0.07889 0.11220 0.01110 ( 1)
 396 R   0.80454 0.07217 0.11314 0.01015 ( 1)
 397 I   0.79709 0.07961 0.11210 0.01120 ( 1)
 398 G   0.81073 0.06598 0.11401 0.00928 ( 1)
 399 F   0.79576 0.08094 0.11191 0.01138 ( 1)
 400 A   0.81236 0.06434 0.11424 0.00905 ( 1)
 401 L   0.79818 0.07852 0.11225 0.01104 ( 1)
 402 A   0.81236 0.06434 0.11424 0.00905 ( 1)
 403 R   0.80591 0.07080 0.11334 0.00996 ( 1)
 404 -   0.78777 0.08894 0.11079 0.01251 ( 1)


lnL = -1822.833424

