

TREE # 1

  0  0.0000   1844.046289  x:  0.00097   0.00186   0.00144   0.00294   0.00387   0.00093   0.00197   0.00372   0.00592   0.00150   0.00269   0.00577   0.00119   0.00279   0.00379   0.00196   0.00244   0.01316   0.01450   0.00760   0.00000   0.00551   0.00927   0.00766   0.00395   0.00361   0.00250   3.00000   1.42994   0.09809   0.26157  
  1 99.0000   1844.041393  x:  0.00097   0.00186   0.00144   0.00294   0.00387   0.00093   0.00197   0.00372   0.00592   0.00150   0.00269   0.00577   0.00119   0.00279   0.00379   0.00196   0.00244   0.01316   0.01450   0.00760   0.00000   0.00551   0.00927   0.00766   0.00395   0.00361   0.00250   3.00000   1.42994   0.09809   0.26157  
  2 1262.7459   1840.043965  x:  0.00022   0.00083   0.00041   0.00283   0.00297   0.00000   0.00207   0.00298   0.00630   0.00081   0.00277   0.00601   0.00017   0.00176   0.00349   0.00093   0.00247   0.01323   0.01448   0.00733   0.00000   0.00503   0.00915   0.00786   0.00320   0.00352   0.00167   3.00000   1.42995   0.09809   0.26151  
  3 946614.7924   1839.467328  x:  0.00010   0.00067   0.00024   0.00282   0.00283   0.00000   0.00208   0.00286   0.00636   0.00072   0.00279   0.00604   0.00000   0.00160   0.00346   0.00077   0.00247   0.01324   0.01448   0.00729   0.00000   0.00495   0.00912   0.00789   0.00308   0.00350   0.00153   3.00000   1.42995   0.09808   0.26150  
  4 521837.3314   1839.040252  x:  0.00000   0.00053   0.00011   0.00280   0.00271   0.00000   0.00212   0.00277   0.00641   0.00065   0.00281   0.00608   0.00000   0.00147   0.00342   0.00063   0.00247   0.01324   0.01448   0.00727   0.00000   0.00489   0.00909   0.00791   0.00298   0.00350   0.00141   3.00000   1.42995   0.09808   0.26149  
  5 94727.5043   1838.737416  x:  0.00000   0.00043   0.00000   0.00279   0.00262   0.00000   0.00212   0.00271   0.00645   0.00060   0.00280   0.00610   0.00000   0.00137   0.00339   0.00053   0.00247   0.01325   0.01448   0.00725   0.00000   0.00484   0.00908   0.00791   0.00290   0.00351   0.00130   3.00000   1.42995   0.09808   0.26148  
  6 25486.7683   1837.675225  x:  0.00000   0.00000   0.00000   0.00278   0.00225   0.00000   0.00218   0.00249   0.00661   0.00043   0.00288   0.00616   0.00000   0.00096   0.00329   0.00011   0.00250   0.01328   0.01448   0.00717   0.00000   0.00467   0.00912   0.00795   0.00256   0.00340   0.00083   3.00000   1.42995   0.09808   0.26145  
  7 23741.4967   1837.455843  x:  0.00000   0.00000   0.00000   0.00275   0.00217   0.00000   0.00219   0.00242   0.00665   0.00039   0.00289   0.00618   0.00000   0.00087   0.00328   0.00000   0.00249   0.01329   0.01448   0.00714   0.00000   0.00463   0.00912   0.00799   0.00250   0.00338   0.00071   3.00000   1.42995   0.09808   0.26144  
  8 14707.4967   1836.419135  x:  0.00000   0.00000   0.00000   0.00277   0.00168   0.00000   0.00227   0.00196   0.00692   0.00011   0.00291   0.00630   0.00000   0.00037   0.00316   0.00000   0.00259   0.01334   0.01446   0.00686   0.00000   0.00443   0.00902   0.00822   0.00217   0.00336   0.00000   3.00001   1.42996   0.09808   0.26138  
  9 8870.1636   1836.217582  x:  0.00000   0.00000   0.00000   0.00278   0.00156   0.00000   0.00228   0.00183   0.00698   0.00000   0.00293   0.00633   0.00000   0.00025   0.00314   0.00000   0.00256   0.01335   0.01446   0.00683   0.00000   0.00439   0.00897   0.00822   0.00209   0.00334   0.00000   3.00001   1.42996   0.09808   0.26136  
 10 4654.2592   1835.877852  x:  0.00000   0.00000   0.00000   0.00270   0.00131   0.00000   0.00229   0.00159   0.00701   0.00000   0.00296   0.00638   0.00000   0.00000   0.00317   0.00000   0.00262   0.01336   0.01446   0.00685   0.00000   0.00430   0.00889   0.00827   0.00189   0.00333   0.00000   3.00001   1.42996   0.09808   0.26133  
 11 3399.1406   1834.814633  x:  0.00000   0.00000   0.00000   0.00277   0.00000   0.00000   0.00222   0.00090   0.00717   0.00000   0.00304   0.00613   0.00000   0.00000   0.00307   0.00000   0.00244   0.01333   0.01446   0.00705   0.00000   0.00375   0.00872   0.00871   0.00079   0.00364   0.00000   3.00001   1.42996   0.09807   0.26118  
 12 1454.1174   1834.375846  x:  0.00000   0.00000   0.00000   0.00274   0.00000   0.00000   0.00220   0.00061   0.00746   0.00000   0.00291   0.00608   0.00000   0.00000   0.00297   0.00000   0.00248   0.01332   0.01446   0.00706   0.00000   0.00334   0.00863   0.00881   0.00000   0.00364   0.00000   3.00001   1.42997   0.09807   0.26108  
 13 1315.1012   1833.976063  x:  0.00000   0.00000   0.00000   0.00282   0.00000   0.00000   0.00210   0.00000   0.00771   0.00000   0.00275   0.00634   0.00000   0.00000   0.00305   0.00000   0.00240   0.01335   0.01446   0.00688   0.00000   0.00240   0.00864   0.00890   0.00000   0.00376   0.00000   3.00002   1.42998   0.09805   0.26087  
 14 1025.7654   1833.530856  x:  0.00000   0.00000   0.00000   0.00278   0.00000   0.00000   0.00204   0.00000   0.00737   0.00000   0.00249   0.00612   0.00000   0.00000   0.00280   0.00000   0.00241   0.01351   0.01440   0.00633   0.00000   0.00000   0.00855   0.00874   0.00000   0.00372   0.00000   3.00003   1.43001   0.09802   0.26044  
 15 454.1791   1833.494653  x:  0.00000   0.00000   0.00000   0.00288   0.00000   0.00000   0.00212   0.00000   0.00710   0.00000   0.00255   0.00656   0.00000   0.00000   0.00237   0.00000   0.00233   0.01378   0.01431   0.00664   0.00000   0.00000   0.00826   0.00909   0.00000   0.00351   0.00000   3.00005   1.43006   0.09797   0.25995  
 16 45.7328   1833.342387  x:  0.00000   0.00000   0.00000   0.00266   0.00000   0.00000   0.00228   0.00000   0.00718   0.00000   0.00308   0.00649   0.00000   0.00000   0.00276   0.00000   0.00223   0.01599   0.01356   0.00571   0.00000   0.00000   0.00724   0.00959   0.00000   0.00376   0.00000   3.00026   1.43059   0.09744   0.25438  
 17 59.4290   1833.004356  x:  0.00000   0.00000   0.00000   0.00222   0.00000   0.00000   0.00264   0.00000   0.00713   0.00000   0.00367   0.00683   0.00000   0.00000   0.00249   0.00000   0.00205   0.01341   0.01443   0.00385   0.00000   0.00000   0.00749   0.01059   0.00000   0.00405   0.00000   3.00089   1.43222   0.09582   0.23718  
 18 95.5921   1832.433835  x:  0.00000   0.00000   0.00000   0.00155   0.00000   0.00000   0.00320   0.00000   0.00827   0.00000   0.00335   0.00668   0.00000   0.00000   0.00182   0.00000   0.00214   0.01691   0.01421   0.00353   0.00000   0.00000   0.01166   0.01197   0.00000   0.00449   0.00000   3.00233   1.43592   0.09213   0.19785  
 19 243.8107   1827.716859  x:  0.00000   0.00000   0.00000   0.00126   0.00000   0.00000   0.00316   0.00000   0.00886   0.00000   0.00355   0.00698   0.00000   0.00000   0.00149   0.00000   0.00221   0.01573   0.00642   0.00278   0.00000   0.00000   0.01328   0.01262   0.00000   0.00439   0.00000   3.00946   1.45496   0.07309   0.00000  
 20 159.4324   1827.577453  x:  0.00000   0.00000   0.00000   0.00150   0.00000   0.00000   0.00316   0.00000   0.00828   0.00000   0.00333   0.00677   0.00000   0.00000   0.00170   0.00000   0.00212   0.01468   0.00609   0.00362   0.00000   0.00000   0.01217   0.01186   0.00000   0.00460   0.00000   3.00179   1.43443   0.09361   0.00000  
 21 93.3765   1826.805564  x:  0.00000   0.00000   0.00000   0.00202   0.00000   0.00000   0.00235   0.00000   0.00888   0.00000   0.00293   0.00598   0.00000   0.00000   0.00212   0.00000   0.00243   0.01410   0.00568   0.00347   0.00000   0.00000   0.01160   0.01402   0.00000   0.00203   0.00000   3.03481   1.52993  -0.00186   0.00000  
 22  3.8590   1826.087583  x:  0.00000   0.00000   0.00000   0.00213   0.00000   0.00000   0.00118   0.00000   0.00910   0.00000   0.00367   0.00714   0.00000   0.00000   0.00170   0.00000   0.00260   0.01376   0.00545   0.00345   0.00000   0.00000   0.01036   0.01063   0.00000   0.00229   0.00000   3.07545   1.63812  -0.11004   0.00000  
 23 11.8018   1825.331441  x:  0.00000   0.00000   0.00000   0.00160   0.00000   0.00000   0.00210   0.00000   0.01022   0.00000   0.00233   0.00732   0.00000   0.00000   0.00156   0.00000   0.00263   0.01270   0.00507   0.00394   0.00000   0.00000   0.00849   0.01081   0.00000   0.00311   0.00000   3.13926   1.79488  -0.26677   0.00000  
 24 25.3496   1824.141511  x:  0.00000   0.00000   0.00000   0.00189   0.00000   0.00000   0.00215   0.00000   0.01163   0.00000   0.00148   0.00798   0.00000   0.00000   0.00166   0.00000   0.00309   0.01236   0.00843   0.00415   0.00000   0.00000   0.00544   0.00943   0.00000   0.00251   0.00000   3.37233   1.76267  -0.23444   0.00000  
 25  1.2744   1823.272575  x:  0.00000   0.00000   0.00000   0.00305   0.00000   0.00000   0.00284   0.00000   0.01019   0.00000   0.00275   0.00787   0.00000   0.00000   0.00204   0.00000   0.00308   0.01382   0.01032   0.00382   0.00000   0.00000   0.00780   0.00859   0.00000   0.00297   0.00000   3.61300   1.87656  -0.34826   0.00000  
 26  2.0117   1823.023199  x:  0.00000   0.00000   0.00000   0.00216   0.00000   0.00000   0.00241   0.00000   0.00960   0.00000   0.00284   0.00740   0.00000   0.00000   0.00241   0.00000   0.00244   0.01366   0.01121   0.00460   0.00000   0.00000   0.00807   0.01009   0.00000   0.00272   0.00000   3.70032   1.90185  -0.37371   0.00000  
 27  0.4874   1822.908175  x:  0.00000   0.00000   0.00000   0.00264   0.00000   0.00000   0.00243   0.00000   0.01045   0.00000   0.00253   0.00737   0.00000   0.00000   0.00231   0.00000   0.00249   0.01449   0.01249   0.00493   0.00000   0.00000   0.00815   0.01081   0.00000   0.00303   0.00000   3.80130   1.85447  -0.32629   0.00000  
 28  0.1095   1822.853644  x:  0.00000   0.00000   0.00000   0.00247   0.00000   0.00000   0.00251   0.00000   0.01025   0.00000   0.00258   0.00765   0.00000   0.00000   0.00253   0.00000   0.00246   0.01453   0.01334   0.00517   0.00000   0.00000   0.00777   0.00988   0.00000   0.00268   0.00000   3.84473   1.83669  -0.30851   0.00000  
 29  0.0783   1822.837477  x:  0.00000   0.00000   0.00000   0.00255   0.00000   0.00000   0.00250   0.00000   0.00995   0.00000   0.00251   0.00744   0.00000   0.00000   0.00255   0.00000   0.00248   0.01406   0.01384   0.00513   0.00000   0.00000   0.00745   0.00997   0.00000   0.00280   0.00000   3.83446   1.85322  -0.32506   0.00000  
 30  0.0278   1822.834511  x:  0.00000   0.00000   0.00000   0.00252   0.00000   0.00000   0.00250   0.00000   0.01003   0.00000   0.00243   0.00753   0.00000   0.00000   0.00250   0.00000   0.00250   0.01399   0.01405   0.00512   0.00000   0.00000   0.00760   0.01002   0.00000   0.00272   0.00000   3.80477   1.85634  -0.32819   0.00000  
 31  0.0275   1822.833500  x:  0.00000   0.00000   0.00000   0.00249   0.00000   0.00000   0.00249   0.00000   0.01005   0.00000   0.00246   0.00753   0.00000   0.00000   0.00249   0.00000   0.00247   0.01406   0.01415   0.00505   0.00000   0.00000   0.00756   0.01001   0.00000   0.00276   0.00000   3.77490   1.85432  -0.32619   0.00000  
 32  0.0203   1822.833435  x:  0.00000   0.00000   0.00000   0.00250   0.00000   0.00000   0.00249   0.00000   0.01004   0.00000   0.00247   0.00753   0.00000   0.00000   0.00249   0.00000   0.00249   0.01408   0.01415   0.00503   0.00000   0.00000   0.00756   0.01001   0.00000   0.00276   0.00000   3.77285   1.85461  -0.32648   0.00000  
 33  0.0021   1822.833426  x:  0.00000   0.00000   0.00000   0.00250   0.00000   0.00000   0.00249   0.00000   0.01003   0.00000   0.00247   0.00752   0.00000   0.00000   0.00249   0.00000   0.00249   0.01408   0.01415   0.00502   0.00000   0.00000   0.00757   0.01001   0.00000   0.00275   0.00000   3.77404   1.85476  -0.32664   0.00000  
 34  0.0012   1822.833425  x:  0.00000   0.00000   0.00000   0.00250   0.00000   0.00000   0.00249   0.00000   0.01004   0.00000   0.00247   0.00753   0.00000   0.00000   0.00249   0.00000   0.00249   0.01407   0.01415   0.00502   0.00000   0.00000   0.00757   0.01001   0.00000   0.00275   0.00000   3.77554   1.85465  -0.32654   0.00000  
 35  0.0011   1822.833424  x:  0.00000   0.00000   0.00000   0.00250   0.00000   0.00000   0.00249   0.00000   0.01004   0.00000   0.00247   0.00753   0.00000   0.00000   0.00249   0.00000   0.00249   0.01408   0.01415   0.00501   0.00000   0.00000   0.00757   0.01001   0.00000   0.00275   0.00000   3.77613   1.85468  -0.32658   0.00000  
 36  0.0005   1822.833424  x:  0.00000   0.00000   0.00000   0.00250   0.00000   0.00000   0.00249   0.00000   0.01004   0.00000   0.00247   0.00753   0.00000   0.00000   0.00249   0.00000   0.00249   0.01408   0.01415   0.00501   0.00000   0.00000   0.00757   0.01001   0.00000   0.00275   0.00000   3.77608   1.85467  -0.32657   0.00000  
 37  0.0001   1822.833424  x:  0.00000   0.00000   0.00000   0.00250   0.00000   0.00000   0.00249   0.00000   0.01004   0.00000   0.00247   0.00753   0.00000   0.00000   0.00249   0.00000   0.00249   0.01408   0.01415   0.00501   0.00000   0.00000   0.00757   0.01001   0.00000   0.00275   0.00000   3.77607   1.85466  -0.32657   0.00000  
 38  0.0000   1822.833424  x:  0.00000   0.00000   0.00000   0.00250   0.00000   0.00000   0.00249   0.00000   0.01004   0.00000   0.00247   0.00753   0.00000   0.00000   0.00249   0.00000   0.00249   0.01408   0.01415   0.00501   0.00000   0.00000   0.00757   0.01001   0.00000   0.00275   0.00000   3.77608   1.85463  -0.32661   0.00000  
 39  0.0000   1822.833424  x:  0.00000   0.00000   0.00000   0.00250   0.00000   0.00000   0.00249   0.00000   0.01004   0.00000   0.00247   0.00753   0.00000   0.00000   0.00249   0.00000   0.00249   0.01408   0.01415   0.00501   0.00000   0.00000   0.00757   0.01001   0.00000   0.00275   0.00000   3.77608   1.85463  -0.32661   0.00000  