Supplemental results for CODEML (seqf: align.phy  treef: tree)


dN/dS (w) for site classes (K=4)

site class             0        1       2a       2b
proportion       1.00000  0.00000  0.00000  0.00000
background w     0.17130  1.00000  0.17130  1.00000
foreground w     0.17130  1.00000  1.00000  1.00000

Naive Empirical Bayes (NEB) probabilities for 4 classes
(amino acids refer to 1st sequence: Cadus)

   1 M   1.00000 0.00000 0.00000 0.00000 ( 1)
   2 A   1.00000 0.00000 0.00000 0.00000 ( 1)
   3 Q   1.00000 0.00000 0.00000 0.00000 ( 1)
   4 K   1.00000 0.00000 0.00000 0.00000 ( 1)
   5 P   1.00000 0.00000 0.00000 0.00000 ( 1)
   6 L   1.00000 0.00000 0.00000 0.00000 ( 1)
   7 R   1.00000 0.00000 0.00000 0.00000 ( 1)
   8 L   1.00000 0.00000 0.00000 0.00000 ( 1)
   9 L   1.00000 0.00000 0.00000 0.00000 ( 1)
  10 *   1.00000 0.00000 0.00000 0.00000 ( 1)
  11 C   1.00000 0.00000 0.00000 0.00000 ( 1)
  12 G   1.00000 0.00000 0.00000 0.00000 ( 1)
  13 D   1.00000 0.00000 0.00000 0.00000 ( 1)
  14 V   1.00000 0.00000 0.00000 0.00000 ( 1)
  15 E   1.00000 0.00000 0.00000 0.00000 ( 1)
  16 G   1.00000 0.00000 0.00000 0.00000 ( 1)
  17 K   1.00000 0.00000 0.00000 0.00000 ( 1)
  18 F   1.00000 0.00000 0.00000 0.00000 ( 1)
  19 D   1.00000 0.00000 0.00000 0.00000 ( 1)
  20 V   1.00000 0.00000 0.00000 0.00000 ( 1)
  21 L   1.00000 0.00000 0.00000 0.00000 ( 1)
  22 F   1.00000 0.00000 0.00000 0.00000 ( 1)
  23 N   1.00000 0.00000 0.00000 0.00000 ( 1)
  24 R   1.00000 0.00000 0.00000 0.00000 ( 1)
  25 V   1.00000 0.00000 0.00000 0.00000 ( 1)
  26 R   1.00000 0.00000 0.00000 0.00000 ( 1)
  27 A   1.00000 0.00000 0.00000 0.00000 ( 1)
  28 I   1.00000 0.00000 0.00000 0.00000 ( 1)
  29 Q   1.00000 0.00000 0.00000 0.00000 ( 1)
  30 K   1.00000 0.00000 0.00000 0.00000 ( 1)
  31 K   1.00000 0.00000 0.00000 0.00000 ( 1)
  32 S   1.00000 0.00000 0.00000 0.00000 ( 1)
  33 G   1.00000 0.00000 0.00000 0.00000 ( 1)
  34 N   1.00000 0.00000 0.00000 0.00000 ( 1)
  35 F   1.00000 0.00000 0.00000 0.00000 ( 1)
  36 D   1.00000 0.00000 0.00000 0.00000 ( 1)
  37 L   1.00000 0.00000 0.00000 0.00000 ( 1)
  38 L   1.00000 0.00000 0.00000 0.00000 ( 1)
  39 L   1.00000 0.00000 0.00000 0.00000 ( 1)
  40 C   1.00000 0.00000 0.00000 0.00000 ( 1)
  41 V   1.00000 0.00000 0.00000 0.00000 ( 1)
  42 G   1.00000 0.00000 0.00000 0.00000 ( 1)
  43 N   1.00000 0.00000 0.00000 0.00000 ( 1)
  44 F   1.00000 0.00000 0.00000 0.00000 ( 1)
  45 F   1.00000 0.00000 0.00000 0.00000 ( 1)
  46 G   1.00000 0.00000 0.00000 0.00000 ( 1)
  47 S   1.00000 0.00000 0.00000 0.00000 ( 1)
  48 T   1.00000 0.00000 0.00000 0.00000 ( 1)
  49 P   1.00000 0.00000 0.00000 0.00000 ( 1)
  50 D   1.00000 0.00000 0.00000 0.00000 ( 1)
  51 A   1.00000 0.00000 0.00000 0.00000 ( 1)
  52 E   1.00000 0.00000 0.00000 0.00000 ( 1)
  53 W   1.00000 0.00000 0.00000 0.00000 ( 1)
  54 E   1.00000 0.00000 0.00000 0.00000 ( 1)
  55 K   1.00000 0.00000 0.00000 0.00000 ( 1)
  56 Y   1.00000 0.00000 0.00000 0.00000 ( 1)
  57 K   1.00000 0.00000 0.00000 0.00000 ( 1)
  58 T   1.00000 0.00000 0.00000 0.00000 ( 1)
  59 G   1.00000 0.00000 0.00000 0.00000 ( 1)
  60 I   1.00000 0.00000 0.00000 0.00000 ( 1)
  61 K   1.00000 0.00000 0.00000 0.00000 ( 1)
  62 K   1.00000 0.00000 0.00000 0.00000 ( 1)
  63 A   1.00000 0.00000 0.00000 0.00000 ( 1)
  64 P   1.00000 0.00000 0.00000 0.00000 ( 1)
  65 I   1.00000 0.00000 0.00000 0.00000 ( 1)
  66 Q   1.00000 0.00000 0.00000 0.00000 ( 1)
  67 T   1.00000 0.00000 0.00000 0.00000 ( 1)
  68 Y   1.00000 0.00000 0.00000 0.00000 ( 1)
  69 V   1.00000 0.00000 0.00000 0.00000 ( 1)
  70 L   1.00000 0.00000 0.00000 0.00000 ( 1)
  71 G   1.00000 0.00000 0.00000 0.00000 ( 1)
  72 A   1.00000 0.00000 0.00000 0.00000 ( 1)
  73 N   1.00000 0.00000 0.00000 0.00000 ( 1)
  74 N   1.00000 0.00000 0.00000 0.00000 ( 1)
  75 Q   1.00000 0.00000 0.00000 0.00000 ( 1)
  76 E   1.00000 0.00000 0.00000 0.00000 ( 1)
  77 T   1.00000 0.00000 0.00000 0.00000 ( 1)
  78 V   1.00000 0.00000 0.00000 0.00000 ( 1)
  79 K   1.00000 0.00000 0.00000 0.00000 ( 1)
  80 Y   1.00000 0.00000 0.00000 0.00000 ( 1)
  81 F   1.00000 0.00000 0.00000 0.00000 ( 1)
  82 Q   1.00000 0.00000 0.00000 0.00000 ( 1)
  83 D   1.00000 0.00000 0.00000 0.00000 ( 1)
  84 A   1.00000 0.00000 0.00000 0.00000 ( 1)
  85 D   1.00000 0.00000 0.00000 0.00000 ( 1)
  86 G   1.00000 0.00000 0.00000 0.00000 ( 1)
  87 C   1.00000 0.00000 0.00000 0.00000 ( 1)
  88 E   1.00000 0.00000 0.00000 0.00000 ( 1)
  89 L   1.00000 0.00000 0.00000 0.00000 ( 1)
  90 A   1.00000 0.00000 0.00000 0.00000 ( 1)
  91 E   1.00000 0.00000 0.00000 0.00000 ( 1)
  92 N   1.00000 0.00000 0.00000 0.00000 ( 1)
  93 I   1.00000 0.00000 0.00000 0.00000 ( 1)
  94 T   1.00000 0.00000 0.00000 0.00000 ( 1)
  95 Y   1.00000 0.00000 0.00000 0.00000 ( 1)
  96 L   1.00000 0.00000 0.00000 0.00000 ( 1)
  97 G   1.00000 0.00000 0.00000 0.00000 ( 1)
  98 R   1.00000 0.00000 0.00000 0.00000 ( 1)
  99 K   1.00000 0.00000 0.00000 0.00000 ( 1)
 100 G   1.00000 0.00000 0.00000 0.00000 ( 1)
 101 I   1.00000 0.00000 0.00000 0.00000 ( 1)
 102 F   1.00000 0.00000 0.00000 0.00000 ( 1)
 103 T   1.00000 0.00000 0.00000 0.00000 ( 1)
 104 G   1.00000 0.00000 0.00000 0.00000 ( 1)
 105 S   1.00000 0.00000 0.00000 0.00000 ( 1)
 106 S   1.00000 0.00000 0.00000 0.00000 ( 1)
 107 G   1.00000 0.00000 0.00000 0.00000 ( 1)
 108 L   1.00000 0.00000 0.00000 0.00000 ( 1)
 109 Q   1.00000 0.00000 0.00000 0.00000 ( 1)
 110 I   1.00000 0.00000 0.00000 0.00000 ( 1)
 111 V   1.00000 0.00000 0.00000 0.00000 ( 1)
 112 Y   1.00000 0.00000 0.00000 0.00000 ( 1)
 113 L   1.00000 0.00000 0.00000 0.00000 ( 1)
 114 S   1.00000 0.00000 0.00000 0.00000 ( 1)
 115 G   1.00000 0.00000 0.00000 0.00000 ( 1)
 116 T   1.00000 0.00000 0.00000 0.00000 ( 1)
 117 E   1.00000 0.00000 0.00000 0.00000 ( 1)
 118 S   1.00000 0.00000 0.00000 0.00000 ( 1)
 119 L   1.00000 0.00000 0.00000 0.00000 ( 1)
 120 N   1.00000 0.00000 0.00000 0.00000 ( 1)
 121 E   1.00000 0.00000 0.00000 0.00000 ( 1)
 122 P   1.00000 0.00000 0.00000 0.00000 ( 1)
 123 *   1.00000 0.00000 0.00000 0.00000 ( 1)
 124 -   1.00000 0.00000 0.00000 0.00000 ( 1)
 125 -   1.00000 0.00000 0.00000 0.00000 ( 1)
 126 -   1.00000 0.00000 0.00000 0.00000 ( 1)
 127 -   1.00000 0.00000 0.00000 0.00000 ( 1)
 128 -   1.00000 0.00000 0.00000 0.00000 ( 1)
 129 -   1.00000 0.00000 0.00000 0.00000 ( 1)
 130 -   1.00000 0.00000 0.00000 0.00000 ( 1)
 131 -   1.00000 0.00000 0.00000 0.00000 ( 1)
 132 -   1.00000 0.00000 0.00000 0.00000 ( 1)
 133 -   1.00000 0.00000 0.00000 0.00000 ( 1)
 134 -   1.00000 0.00000 0.00000 0.00000 ( 1)
 135 -   1.00000 0.00000 0.00000 0.00000 ( 1)
 136 -   1.00000 0.00000 0.00000 0.00000 ( 1)
 137 -   1.00000 0.00000 0.00000 0.00000 ( 1)
 138 -   1.00000 0.00000 0.00000 0.00000 ( 1)
 139 -   1.00000 0.00000 0.00000 0.00000 ( 1)
 140 -   1.00000 0.00000 0.00000 0.00000 ( 1)
 141 -   1.00000 0.00000 0.00000 0.00000 ( 1)
 142 -   1.00000 0.00000 0.00000 0.00000 ( 1)
 143 -   1.00000 0.00000 0.00000 0.00000 ( 1)
 144 -   1.00000 0.00000 0.00000 0.00000 ( 1)
 145 -   1.00000 0.00000 0.00000 0.00000 ( 1)
 146 -   1.00000 0.00000 0.00000 0.00000 ( 1)
 147 -   1.00000 0.00000 0.00000 0.00000 ( 1)
 148 -   1.00000 0.00000 0.00000 0.00000 ( 1)
 149 -   1.00000 0.00000 0.00000 0.00000 ( 1)
 150 -   1.00000 0.00000 0.00000 0.00000 ( 1)
 151 -   1.00000 0.00000 0.00000 0.00000 ( 1)
 152 -   1.00000 0.00000 0.00000 0.00000 ( 1)
 153 -   1.00000 0.00000 0.00000 0.00000 ( 1)
 154 -   1.00000 0.00000 0.00000 0.00000 ( 1)
 155 -   1.00000 0.00000 0.00000 0.00000 ( 1)
 156 *   1.00000 0.00000 0.00000 0.00000 ( 1)
 157 W   1.00000 0.00000 0.00000 0.00000 ( 1)
 158 P   1.00000 0.00000 0.00000 0.00000 ( 1)
 159 -   1.00000 0.00000 0.00000 0.00000 ( 1)
 160 -   1.00000 0.00000 0.00000 0.00000 ( 1)
 161 -   1.00000 0.00000 0.00000 0.00000 ( 1)
 162 -   1.00000 0.00000 0.00000 0.00000 ( 1)
 163 N   1.00000 0.00000 0.00000 0.00000 ( 1)
 164 F   1.00000 0.00000 0.00000 0.00000 ( 1)
 165 G   1.00000 0.00000 0.00000 0.00000 ( 1)
 166 N   1.00000 0.00000 0.00000 0.00000 ( 1)
 167 S   1.00000 0.00000 0.00000 0.00000 ( 1)
 168 S   1.00000 0.00000 0.00000 0.00000 ( 1)
 169 G   1.00000 0.00000 0.00000 0.00000 ( 1)
 170 E   1.00000 0.00000 0.00000 0.00000 ( 1)
 171 V   1.00000 0.00000 0.00000 0.00000 ( 1)
 172 D   1.00000 0.00000 0.00000 0.00000 ( 1)
 173 T   1.00000 0.00000 0.00000 0.00000 ( 1)
 174 K   1.00000 0.00000 0.00000 0.00000 ( 1)
 175 K   1.00000 0.00000 0.00000 0.00000 ( 1)
 176 C   1.00000 0.00000 0.00000 0.00000 ( 1)
 177 G   1.00000 0.00000 0.00000 0.00000 ( 1)
 178 S   1.00000 0.00000 0.00000 0.00000 ( 1)
 179 A   1.00000 0.00000 0.00000 0.00000 ( 1)
 180 L   1.00000 0.00000 0.00000 0.00000 ( 1)
 181 V   1.00000 0.00000 0.00000 0.00000 ( 1)
 182 S   1.00000 0.00000 0.00000 0.00000 ( 1)
 183 S   1.00000 0.00000 0.00000 0.00000 ( 1)
 184 L   1.00000 0.00000 0.00000 0.00000 ( 1)
 185 A   1.00000 0.00000 0.00000 0.00000 ( 1)
 186 T   1.00000 0.00000 0.00000 0.00000 ( 1)
 187 D   1.00000 0.00000 0.00000 0.00000 ( 1)
 188 L   1.00000 0.00000 0.00000 0.00000 ( 1)
 189 K   1.00000 0.00000 0.00000 0.00000 ( 1)
 190 P   1.00000 0.00000 0.00000 0.00000 ( 1)
 191 R   1.00000 0.00000 0.00000 0.00000 ( 1)
 192 Y   1.00000 0.00000 0.00000 0.00000 ( 1)
 193 H   1.00000 0.00000 0.00000 0.00000 ( 1)
 194 F   1.00000 0.00000 0.00000 0.00000 ( 1)
 195 A   1.00000 0.00000 0.00000 0.00000 ( 1)
 196 A   1.00000 0.00000 0.00000 0.00000 ( 1)
 197 L   1.00000 0.00000 0.00000 0.00000 ( 1)
 198 E   1.00000 0.00000 0.00000 0.00000 ( 1)
 199 K   1.00000 0.00000 0.00000 0.00000 ( 1)
 200 T   1.00000 0.00000 0.00000 0.00000 ( 1)
 201 Y   1.00000 0.00000 0.00000 0.00000 ( 1)
 202 Y   1.00000 0.00000 0.00000 0.00000 ( 1)
 203 E   1.00000 0.00000 0.00000 0.00000 ( 1)
 204 R   1.00000 0.00000 0.00000 0.00000 ( 1)
 205 L   1.00000 0.00000 0.00000 0.00000 ( 1)
 206 P   1.00000 0.00000 0.00000 0.00000 ( 1)
 207 Y   1.00000 0.00000 0.00000 0.00000 ( 1)
 208 R   1.00000 0.00000 0.00000 0.00000 ( 1)
 209 N   1.00000 0.00000 0.00000 0.00000 ( 1)
 210 H   1.00000 0.00000 0.00000 0.00000 ( 1)
 211 I   1.00000 0.00000 0.00000 0.00000 ( 1)
 212 V   1.00000 0.00000 0.00000 0.00000 ( 1)
 213 L   1.00000 0.00000 0.00000 0.00000 ( 1)
 214 Q   1.00000 0.00000 0.00000 0.00000 ( 1)
 215 E   1.00000 0.00000 0.00000 0.00000 ( 1)
 216 N   1.00000 0.00000 0.00000 0.00000 ( 1)
 217 A   1.00000 0.00000 0.00000 0.00000 ( 1)
 218 H   1.00000 0.00000 0.00000 0.00000 ( 1)
 219 H   1.00000 0.00000 0.00000 0.00000 ( 1)
 220 A   1.00000 0.00000 0.00000 0.00000 ( 1)
 221 T   1.00000 0.00000 0.00000 0.00000 ( 1)
 222 R   1.00000 0.00000 0.00000 0.00000 ( 1)
 223 F   1.00000 0.00000 0.00000 0.00000 ( 1)
 224 I   1.00000 0.00000 0.00000 0.00000 ( 1)
 225 A   1.00000 0.00000 0.00000 0.00000 ( 1)
 226 L   1.00000 0.00000 0.00000 0.00000 ( 1)
 227 A   1.00000 0.00000 0.00000 0.00000 ( 1)
 228 N   1.00000 0.00000 0.00000 0.00000 ( 1)
 229 V   1.00000 0.00000 0.00000 0.00000 ( 1)
 230 G   1.00000 0.00000 0.00000 0.00000 ( 1)
 231 N   1.00000 0.00000 0.00000 0.00000 ( 1)
 232 P   1.00000 0.00000 0.00000 0.00000 ( 1)
 233 E   1.00000 0.00000 0.00000 0.00000 ( 1)
 234 K   1.00000 0.00000 0.00000 0.00000 ( 1)
 235 K   1.00000 0.00000 0.00000 0.00000 ( 1)
 236 K   1.00000 0.00000 0.00000 0.00000 ( 1)
 237 Y   1.00000 0.00000 0.00000 0.00000 ( 1)
 238 L   1.00000 0.00000 0.00000 0.00000 ( 1)
 239 Y   1.00000 0.00000 0.00000 0.00000 ( 1)
 240 A   1.00000 0.00000 0.00000 0.00000 ( 1)
 241 F   1.00000 0.00000 0.00000 0.00000 ( 1)
 242 S   1.00000 0.00000 0.00000 0.00000 ( 1)
 243 I   1.00000 0.00000 0.00000 0.00000 ( 1)
 244 V   1.00000 0.00000 0.00000 0.00000 ( 1)
 245 P   1.00000 0.00000 0.00000 0.00000 ( 1)
 246 M   1.00000 0.00000 0.00000 0.00000 ( 1)
 247 K   1.00000 0.00000 0.00000 0.00000 ( 1)
 248 L   1.00000 0.00000 0.00000 0.00000 ( 1)
 249 M   1.00000 0.00000 0.00000 0.00000 ( 1)
 250 E   1.00000 0.00000 0.00000 0.00000 ( 1)
 251 T   1.00000 0.00000 0.00000 0.00000 ( 1)
 252 A   1.00000 0.00000 0.00000 0.00000 ( 1)
 253 E   1.00000 0.00000 0.00000 0.00000 ( 1)
 254 L   1.00000 0.00000 0.00000 0.00000 ( 1)
 255 V   1.00000 0.00000 0.00000 0.00000 ( 1)
 256 K   1.00000 0.00000 0.00000 0.00000 ( 1)
 257 Q   1.00000 0.00000 0.00000 0.00000 ( 1)
 258 P   1.00000 0.00000 0.00000 0.00000 ( 1)
 259 P   1.00000 0.00000 0.00000 0.00000 ( 1)
 260 D   1.00000 0.00000 0.00000 0.00000 ( 1)
 261 V   1.00000 0.00000 0.00000 0.00000 ( 1)
 262 T   1.00000 0.00000 0.00000 0.00000 ( 1)
 263 E   1.00000 0.00000 0.00000 0.00000 ( 1)
 264 N   1.00000 0.00000 0.00000 0.00000 ( 1)
 265 P   1.00000 0.00000 0.00000 0.00000 ( 1)
 266 Y   1.00000 0.00000 0.00000 0.00000 ( 1)
 267 R   1.00000 0.00000 0.00000 0.00000 ( 1)
 268 K   1.00000 0.00000 0.00000 0.00000 ( 1)
 269 S   1.00000 0.00000 0.00000 0.00000 ( 1)
 270 G   1.00000 0.00000 0.00000 0.00000 ( 1)
 271 K   1.00000 0.00000 0.00000 0.00000 ( 1)
 272 E   1.00000 0.00000 0.00000 0.00000 ( 1)
 273 A   1.00000 0.00000 0.00000 0.00000 ( 1)
 274 S   1.00000 0.00000 0.00000 0.00000 ( 1)
 275 M   1.00000 0.00000 0.00000 0.00000 ( 1)
 276 G   1.00000 0.00000 0.00000 0.00000 ( 1)
 277 K   1.00000 0.00000 0.00000 0.00000 ( 1)
 278 Q   1.00000 0.00000 0.00000 0.00000 ( 1)
 279 I   1.00000 0.00000 0.00000 0.00000 ( 1)
 280 S   1.00000 0.00000 0.00000 0.00000 ( 1)
 281 A   1.00000 0.00000 0.00000 0.00000 ( 1)
 282 P   1.00000 0.00000 0.00000 0.00000 ( 1)
 283 E   1.00000 0.00000 0.00000 0.00000 ( 1)
 284 E   1.00000 0.00000 0.00000 0.00000 ( 1)
 285 E   1.00000 0.00000 0.00000 0.00000 ( 1)
 286 S   1.00000 0.00000 0.00000 0.00000 ( 1)
 287 A   1.00000 0.00000 0.00000 0.00000 ( 1)
 288 C   1.00000 0.00000 0.00000 0.00000 ( 1)
 289 Q   1.00000 0.00000 0.00000 0.00000 ( 1)
 290 F   1.00000 0.00000 0.00000 0.00000 ( 1)
 291 F   1.00000 0.00000 0.00000 0.00000 ( 1)
 292 F   1.00000 0.00000 0.00000 0.00000 ( 1)
 293 D   1.00000 0.00000 0.00000 0.00000 ( 1)
 294 L   1.00000 0.00000 0.00000 0.00000 ( 1)
 295 N   1.00000 0.00000 0.00000 0.00000 ( 1)
 296 E   1.00000 0.00000 0.00000 0.00000 ( 1)
 297 K   1.00000 0.00000 0.00000 0.00000 ( 1)
 298 Q   1.00000 0.00000 0.00000 0.00000 ( 1)
 299 G   1.00000 0.00000 0.00000 0.00000 ( 1)
 300 R   1.00000 0.00000 0.00000 0.00000 ( 1)
 301 K   1.00000 0.00000 0.00000 0.00000 ( 1)
 302 R   1.00000 0.00000 0.00000 0.00000 ( 1)
 303 S   1.00000 0.00000 0.00000 0.00000 ( 1)
 304 S   1.00000 0.00000 0.00000 0.00000 ( 1)
 305 T   1.00000 0.00000 0.00000 0.00000 ( 1)
 306 -   1.00000 0.00000 0.00000 0.00000 ( 1)
 307 *   1.00000 0.00000 0.00000 0.00000 ( 1)
 308 D   1.00000 0.00000 0.00000 0.00000 ( 1)
 309 -   1.00000 0.00000 0.00000 0.00000 ( 1)
 310 -   1.00000 0.00000 0.00000 0.00000 ( 1)
 311 -   1.00000 0.00000 0.00000 0.00000 ( 1)
 312 -   1.00000 0.00000 0.00000 0.00000 ( 1)
 313 *   1.00000 0.00000 0.00000 0.00000 ( 1)
 314 P   1.00000 0.00000 0.00000 0.00000 ( 1)
 315 *   1.00000 0.00000 0.00000 0.00000 ( 1)
 316 Q   1.00000 0.00000 0.00000 0.00000 ( 1)
 317 P   1.00000 0.00000 0.00000 0.00000 ( 1)
 318 R   1.00000 0.00000 0.00000 0.00000 ( 1)
 319 K   1.00000 0.00000 0.00000 0.00000 ( 1)
 320 P   1.00000 0.00000 0.00000 0.00000 ( 1)
 321 P   1.00000 0.00000 0.00000 0.00000 ( 1)
 322 Q   1.00000 0.00000 0.00000 0.00000 ( 1)
 323 P   1.00000 0.00000 0.00000 0.00000 ( 1)
 324 P   1.00000 0.00000 0.00000 0.00000 ( 1)
 325 G   1.00000 0.00000 0.00000 0.00000 ( 1)
 326 P   1.00000 0.00000 0.00000 0.00000 ( 1)
 327 C   1.00000 0.00000 0.00000 0.00000 ( 1)
 328 W   1.00000 0.00000 0.00000 0.00000 ( 1)
 329 F   1.00000 0.00000 0.00000 0.00000 ( 1)
 330 C   1.00000 0.00000 0.00000 0.00000 ( 1)
 331 L   1.00000 0.00000 0.00000 0.00000 ( 1)
 332 A   1.00000 0.00000 0.00000 0.00000 ( 1)
 333 S   1.00000 0.00000 0.00000 0.00000 ( 1)
 334 P   1.00000 0.00000 0.00000 0.00000 ( 1)
 335 E   1.00000 0.00000 0.00000 0.00000 ( 1)
 336 V   1.00000 0.00000 0.00000 0.00000 ( 1)
 337 E   1.00000 0.00000 0.00000 0.00000 ( 1)
 338 K   1.00000 0.00000 0.00000 0.00000 ( 1)
 339 H   1.00000 0.00000 0.00000 0.00000 ( 1)
 340 L   1.00000 0.00000 0.00000 0.00000 ( 1)
 341 V   1.00000 0.00000 0.00000 0.00000 ( 1)
 342 V   1.00000 0.00000 0.00000 0.00000 ( 1)
 343 N   1.00000 0.00000 0.00000 0.00000 ( 1)
 344 I   1.00000 0.00000 0.00000 0.00000 ( 1)
 345 G   1.00000 0.00000 0.00000 0.00000 ( 1)
 346 T   1.00000 0.00000 0.00000 0.00000 ( 1)
 347 H   1.00000 0.00000 0.00000 0.00000 ( 1)
 348 -   1.00000 0.00000 0.00000 0.00000 ( 1)
 349 -   1.00000 0.00000 0.00000 0.00000 ( 1)
 350 -   1.00000 0.00000 0.00000 0.00000 ( 1)
 351 -   1.00000 0.00000 0.00000 0.00000 ( 1)
 352 -   1.00000 0.00000 0.00000 0.00000 ( 1)
 353 -   1.00000 0.00000 0.00000 0.00000 ( 1)
 354 -   1.00000 0.00000 0.00000 0.00000 ( 1)
 355 -   1.00000 0.00000 0.00000 0.00000 ( 1)
 356 -   1.00000 0.00000 0.00000 0.00000 ( 1)
 357 -   1.00000 0.00000 0.00000 0.00000 ( 1)
 358 -   1.00000 0.00000 0.00000 0.00000 ( 1)
 359 -   1.00000 0.00000 0.00000 0.00000 ( 1)
 360 -   1.00000 0.00000 0.00000 0.00000 ( 1)
 361 -   1.00000 0.00000 0.00000 0.00000 ( 1)
 362 -   1.00000 0.00000 0.00000 0.00000 ( 1)
 363 -   1.00000 0.00000 0.00000 0.00000 ( 1)
 364 -   1.00000 0.00000 0.00000 0.00000 ( 1)
 365 -   1.00000 0.00000 0.00000 0.00000 ( 1)
 366 -   1.00000 0.00000 0.00000 0.00000 ( 1)
 367 -   1.00000 0.00000 0.00000 0.00000 ( 1)
 368 -   1.00000 0.00000 0.00000 0.00000 ( 1)
 369 -   1.00000 0.00000 0.00000 0.00000 ( 1)
 370 -   1.00000 0.00000 0.00000 0.00000 ( 1)
 371 -   1.00000 0.00000 0.00000 0.00000 ( 1)
 372 -   1.00000 0.00000 0.00000 0.00000 ( 1)
 373 -   1.00000 0.00000 0.00000 0.00000 ( 1)
 374 -   1.00000 0.00000 0.00000 0.00000 ( 1)
 375 -   1.00000 0.00000 0.00000 0.00000 ( 1)
 376 -   1.00000 0.00000 0.00000 0.00000 ( 1)
 377 -   1.00000 0.00000 0.00000 0.00000 ( 1)
 378 -   1.00000 0.00000 0.00000 0.00000 ( 1)
 379 -   1.00000 0.00000 0.00000 0.00000 ( 1)
 380 -   1.00000 0.00000 0.00000 0.00000 ( 1)
 381 -   1.00000 0.00000 0.00000 0.00000 ( 1)
 382 -   1.00000 0.00000 0.00000 0.00000 ( 1)
 383 -   1.00000 0.00000 0.00000 0.00000 ( 1)
 384 -   1.00000 0.00000 0.00000 0.00000 ( 1)
 385 -   1.00000 0.00000 0.00000 0.00000 ( 1)
 386 -   1.00000 0.00000 0.00000 0.00000 ( 1)
 387 -   1.00000 0.00000 0.00000 0.00000 ( 1)
 388 -   1.00000 0.00000 0.00000 0.00000 ( 1)
 389 -   1.00000 0.00000 0.00000 0.00000 ( 1)
 390 -   1.00000 0.00000 0.00000 0.00000 ( 1)
 391 -   1.00000 0.00000 0.00000 0.00000 ( 1)
 392 -   1.00000 0.00000 0.00000 0.00000 ( 1)
 393 -   1.00000 0.00000 0.00000 0.00000 ( 1)
 394 -   1.00000 0.00000 0.00000 0.00000 ( 1)
 395 -   1.00000 0.00000 0.00000 0.00000 ( 1)
 396 -   1.00000 0.00000 0.00000 0.00000 ( 1)
 397 *   1.00000 0.00000 0.00000 0.00000 ( 1)
 398 *   1.00000 0.00000 0.00000 0.00000 ( 1)
 399 *   1.00000 0.00000 0.00000 0.00000 ( 1)
 400 K   1.00000 0.00000 0.00000 0.00000 ( 1)
 401 R   1.00000 0.00000 0.00000 0.00000 ( 1)
 402 C   1.00000 0.00000 0.00000 0.00000 ( 1)
 403 V   1.00000 0.00000 0.00000 0.00000 ( 1)
 404 L   1.00000 0.00000 0.00000 0.00000 ( 1)
 405 F   1.00000 0.00000 0.00000 0.00000 ( 1)
 406 E   1.00000 0.00000 0.00000 0.00000 ( 1)
 407 R   1.00000 0.00000 0.00000 0.00000 ( 1)
 408 N   1.00000 0.00000 0.00000 0.00000 ( 1)
 409 Y   1.00000 0.00000 0.00000 0.00000 ( 1)
 410 K   1.00000 0.00000 0.00000 0.00000 ( 1)
 411 S   1.00000 0.00000 0.00000 0.00000 ( 1)
 412 H   1.00000 0.00000 0.00000 0.00000 ( 1)
 413 H   1.00000 0.00000 0.00000 0.00000 ( 1)
 414 L   1.00000 0.00000 0.00000 0.00000 ( 1)
 415 Q   1.00000 0.00000 0.00000 0.00000 ( 1)
 416 L   1.00000 0.00000 0.00000 0.00000 ( 1)
 417 Q   1.00000 0.00000 0.00000 0.00000 ( 1)
 418 -   1.00000 0.00000 0.00000 0.00000 ( 1)
 419 -   1.00000 0.00000 0.00000 0.00000 ( 1)
 420 -   1.00000 0.00000 0.00000 0.00000 ( 1)
 421 -   1.00000 0.00000 0.00000 0.00000 ( 1)
 422 -   1.00000 0.00000 0.00000 0.00000 ( 1)
 423 -   1.00000 0.00000 0.00000 0.00000 ( 1)
 424 -   1.00000 0.00000 0.00000 0.00000 ( 1)
 425 -   1.00000 0.00000 0.00000 0.00000 ( 1)
 426 -   1.00000 0.00000 0.00000 0.00000 ( 1)
 427 -   1.00000 0.00000 0.00000 0.00000 ( 1)
 428 -   1.00000 0.00000 0.00000 0.00000 ( 1)
 429 -   1.00000 0.00000 0.00000 0.00000 ( 1)
 430 -   1.00000 0.00000 0.00000 0.00000 ( 1)
 431 -   1.00000 0.00000 0.00000 0.00000 ( 1)
 432 -   1.00000 0.00000 0.00000 0.00000 ( 1)
 433 -   1.00000 0.00000 0.00000 0.00000 ( 1)
 434 -   1.00000 0.00000 0.00000 0.00000 ( 1)
 435 -   1.00000 0.00000 0.00000 0.00000 ( 1)
 436 -   1.00000 0.00000 0.00000 0.00000 ( 1)
 437 -   1.00000 0.00000 0.00000 0.00000 ( 1)
 438 -   1.00000 0.00000 0.00000 0.00000 ( 1)
 439 -   1.00000 0.00000 0.00000 0.00000 ( 1)
 440 -   1.00000 0.00000 0.00000 0.00000 ( 1)
 441 -   1.00000 0.00000 0.00000 0.00000 ( 1)
 442 -   1.00000 0.00000 0.00000 0.00000 ( 1)
 443 -   1.00000 0.00000 0.00000 0.00000 ( 1)
 444 -   1.00000 0.00000 0.00000 0.00000 ( 1)
 445 -   1.00000 0.00000 0.00000 0.00000 ( 1)
 446 -   1.00000 0.00000 0.00000 0.00000 ( 1)
 447 -   1.00000 0.00000 0.00000 0.00000 ( 1)
 448 -   1.00000 0.00000 0.00000 0.00000 ( 1)
 449 -   1.00000 0.00000 0.00000 0.00000 ( 1)
 450 -   1.00000 0.00000 0.00000 0.00000 ( 1)
 451 -   1.00000 0.00000 0.00000 0.00000 ( 1)
 452 -   1.00000 0.00000 0.00000 0.00000 ( 1)
 453 -   1.00000 0.00000 0.00000 0.00000 ( 1)
 454 -   1.00000 0.00000 0.00000 0.00000 ( 1)
 455 -   1.00000 0.00000 0.00000 0.00000 ( 1)
 456 -   1.00000 0.00000 0.00000 0.00000 ( 1)
 457 -   1.00000 0.00000 0.00000 0.00000 ( 1)
 458 I   1.00000 0.00000 0.00000 0.00000 ( 1)
 459 A   1.00000 0.00000 0.00000 0.00000 ( 1)
 460 Q   1.00000 0.00000 0.00000 0.00000 ( 1)
 461 P   1.00000 0.00000 0.00000 0.00000 ( 1)
 462 G   1.00000 0.00000 0.00000 0.00000 ( 1)
 463 A   1.00000 0.00000 0.00000 0.00000 ( 1)
 464 A   1.00000 0.00000 0.00000 0.00000 ( 1)
 465 Y   1.00000 0.00000 0.00000 0.00000 ( 1)
 466 F   1.00000 0.00000 0.00000 0.00000 ( 1)
 467 Y   1.00000 0.00000 0.00000 0.00000 ( 1)
 468 *   1.00000 0.00000 0.00000 0.00000 ( 1)
 469 E   1.00000 0.00000 0.00000 0.00000 ( 1)
 470 L   1.00000 0.00000 0.00000 0.00000 ( 1)
 471 D   1.00000 0.00000 0.00000 0.00000 ( 1)
 472 T   1.00000 0.00000 0.00000 0.00000 ( 1)
 473 G   1.00000 0.00000 0.00000 0.00000 ( 1)
 474 E   1.00000 0.00000 0.00000 0.00000 ( 1)
 475 K   1.00000 0.00000 0.00000 0.00000 ( 1)
 476 L   1.00000 0.00000 0.00000 0.00000 ( 1)
 477 F   1.00000 0.00000 0.00000 0.00000 ( 1)
 478 H   1.00000 0.00000 0.00000 0.00000 ( 1)
 479 R   1.00000 0.00000 0.00000 0.00000 ( 1)
 480 I   1.00000 0.00000 0.00000 0.00000 ( 1)
 481 K   1.00000 0.00000 0.00000 0.00000 ( 1)
 482 K   1.00000 0.00000 0.00000 0.00000 ( 1)
 483 N   1.00000 0.00000 0.00000 0.00000 ( 1)
 484 F   1.00000 0.00000 0.00000 0.00000 ( 1)
 485 P   1.00000 0.00000 0.00000 0.00000 ( 1)
 486 L   1.00000 0.00000 0.00000 0.00000 ( 1)
 487 Q   1.00000 0.00000 0.00000 0.00000 ( 1)
 488 F   1.00000 0.00000 0.00000 0.00000 ( 1)
 489 G   1.00000 0.00000 0.00000 0.00000 ( 1)
 490 R   1.00000 0.00000 0.00000 0.00000 ( 1)
 491 E   1.00000 0.00000 0.00000 0.00000 ( 1)
 492 V   1.00000 0.00000 0.00000 0.00000 ( 1)
 493 L   1.00000 0.00000 0.00000 0.00000 ( 1)
 494 A   1.00000 0.00000 0.00000 0.00000 ( 1)
 495 S   1.00000 0.00000 0.00000 0.00000 ( 1)
 496 E   1.00000 0.00000 0.00000 0.00000 ( 1)
 497 A   1.00000 0.00000 0.00000 0.00000 ( 1)
 498 I   1.00000 0.00000 0.00000 0.00000 ( 1)
 499 *   1.00000 0.00000 0.00000 0.00000 ( 1)
 500 N   1.00000 0.00000 0.00000 0.00000 ( 1)
 501 I   1.00000 0.00000 0.00000 0.00000 ( 1)
 502 P   1.00000 0.00000 0.00000 0.00000 ( 1)
 503 D   1.00000 0.00000 0.00000 0.00000 ( 1)
 504 K   1.00000 0.00000 0.00000 0.00000 ( 1)
 505 S   1.00000 0.00000 0.00000 0.00000 ( 1)
 506 *   1.00000 0.00000 0.00000 0.00000 ( 1)
 507 *   1.00000 0.00000 0.00000 0.00000 ( 1)
 508 R   1.00000 0.00000 0.00000 0.00000 ( 1)
 509 Q   1.00000 0.00000 0.00000 0.00000 ( 1)
 510 C   1.00000 0.00000 0.00000 0.00000 ( 1)
 511 Q   1.00000 0.00000 0.00000 0.00000 ( 1)
 512 L   1.00000 0.00000 0.00000 0.00000 ( 1)
 513 S   1.00000 0.00000 0.00000 0.00000 ( 1)
 514 K   1.00000 0.00000 0.00000 0.00000 ( 1)
 515 E   1.00000 0.00000 0.00000 0.00000 ( 1)
 516 E   1.00000 0.00000 0.00000 0.00000 ( 1)
 517 E   1.00000 0.00000 0.00000 0.00000 ( 1)
 518 E   1.00000 0.00000 0.00000 0.00000 ( 1)
 519 M   1.00000 0.00000 0.00000 0.00000 ( 1)
 520 L   1.00000 0.00000 0.00000 0.00000 ( 1)
 521 A   1.00000 0.00000 0.00000 0.00000 ( 1)
 522 R   1.00000 0.00000 0.00000 0.00000 ( 1)
 523 R   1.00000 0.00000 0.00000 0.00000 ( 1)
 524 F   1.00000 0.00000 0.00000 0.00000 ( 1)
 525 R   1.00000 0.00000 0.00000 0.00000 ( 1)
 526 K   1.00000 0.00000 0.00000 0.00000 ( 1)
 527 D   1.00000 0.00000 0.00000 0.00000 ( 1)
 528 F   1.00000 0.00000 0.00000 0.00000 ( 1)
 529 E   1.00000 0.00000 0.00000 0.00000 ( 1)
 530 P   1.00000 0.00000 0.00000 0.00000 ( 1)
 531 F   1.00000 0.00000 0.00000 0.00000 ( 1)
 532 D   1.00000 0.00000 0.00000 0.00000 ( 1)
 533 F   1.00000 0.00000 0.00000 0.00000 ( 1)
 534 T   1.00000 0.00000 0.00000 0.00000 ( 1)
 535 L   1.00000 0.00000 0.00000 0.00000 ( 1)
 536 D   1.00000 0.00000 0.00000 0.00000 ( 1)
 537 D   1.00000 0.00000 0.00000 0.00000 ( 1)


lnL = -2409.431912

Bayes Empirical Bayes (BEB) probabilities for 4 classes (class)
(amino acids refer to 1st sequence: Cadus)

   1 M   0.82074 0.08605 0.08391 0.00930 ( 1)
   2 A   0.81848 0.08771 0.08429 0.00953 ( 1)
   3 Q   0.81633 0.08950 0.08442 0.00975 ( 1)
   4 K   0.47715 0.42887 0.04761 0.04637 ( 1)
   5 P   0.81542 0.09022 0.08452 0.00984 ( 1)
   6 L   0.81377 0.09157 0.08464 0.01001 ( 1)
   7 R   0.81255 0.09273 0.08458 0.01014 ( 1)
   8 L   0.81349 0.09187 0.08460 0.01004 ( 1)
   9 L   0.81349 0.09184 0.08462 0.01004 ( 1)
  10 *   0.81511 0.09063 0.08438 0.00988 ( 1)
  11 C   0.81607 0.08973 0.08442 0.00978 ( 1)
  12 G   0.81523 0.09045 0.08446 0.00986 ( 1)
  13 D   0.82210 0.08488 0.08386 0.00916 ( 1)
  14 V   0.81820 0.08803 0.08421 0.00956 ( 1)
  15 E   0.81870 0.08763 0.08416 0.00951 ( 1)
  16 G   0.81523 0.09045 0.08446 0.00986 ( 1)
  17 K   0.81911 0.08714 0.08429 0.00946 ( 1)
  18 F   0.81787 0.08829 0.08425 0.00959 ( 1)
  19 D   0.82288 0.08410 0.08394 0.00908 ( 1)
  20 V   0.81820 0.08803 0.08421 0.00956 ( 1)
  21 L   0.81239 0.09276 0.08469 0.01016 ( 1)
  22 F   0.81524 0.09037 0.08453 0.00986 ( 1)
  23 N   0.82247 0.08444 0.08398 0.00912 ( 1)
  24 R   0.81594 0.08979 0.08448 0.00979 ( 1)
  25 V   0.81879 0.08745 0.08427 0.00949 ( 1)
  26 R   0.81258 0.09256 0.08473 0.01014 ( 1)
  27 A   0.81601 0.08973 0.08448 0.00978 ( 1)
  28 I   0.81964 0.08675 0.08420 0.00941 ( 1)
  29 Q   0.81649 0.08934 0.08444 0.00973 ( 1)
  30 K   0.81998 0.08647 0.08417 0.00937 ( 1)
  31 K   0.81888 0.08738 0.08426 0.00949 ( 1)
  32 S   0.81923 0.08709 0.08423 0.00945 ( 1)
  33 G   0.81566 0.09002 0.08450 0.00982 ( 1)
  34 N   0.81849 0.08769 0.08429 0.00953 ( 1)
  35 F   0.81835 0.08781 0.08430 0.00954 ( 1)
  36 D   0.82288 0.08410 0.08394 0.00908 ( 1)
  37 L   0.81377 0.09157 0.08464 0.01001 ( 1)
  38 L   0.81377 0.09157 0.08464 0.01001 ( 1)
  39 L   0.81369 0.09164 0.08465 0.01002 ( 1)
  40 C   0.81635 0.08945 0.08445 0.00975 ( 1)
  41 V   0.81626 0.08953 0.08446 0.00976 ( 1)
  42 G   0.81566 0.09002 0.08450 0.00982 ( 1)
  43 N   0.82247 0.08444 0.08398 0.00912 ( 1)
  44 F   0.81524 0.09037 0.08453 0.00986 ( 1)
  45 F   0.81835 0.08781 0.08430 0.00954 ( 1)
  46 G   0.81377 0.09085 0.08539 0.00999 ( 1)
  47 S   0.81196 0.09225 0.08561 0.01018 ( 1)
  48 T   0.81799 0.08811 0.08433 0.00958 ( 1)
  49 P   0.81448 0.09100 0.08459 0.00994 ( 1)
  50 D   0.82217 0.08422 0.08448 0.00913 ( 1)
  51 A   0.81757 0.08786 0.08497 0.00960 ( 1)
  52 E   0.81859 0.08715 0.08476 0.00950 ( 1)
  53 W   0.81298 0.09223 0.08470 0.01009 ( 1)
  54 E   0.82041 0.08612 0.08414 0.00933 ( 1)
  55 K   0.81998 0.08647 0.08417 0.00937 ( 1)
  56 Y   0.81812 0.08800 0.08432 0.00956 ( 1)
  57 K   0.81888 0.08738 0.08426 0.00949 ( 1)
  58 T   0.81799 0.08811 0.08433 0.00958 ( 1)
  59 G   0.81489 0.09066 0.08456 0.00990 ( 1)
  60 I   0.81598 0.08976 0.08448 0.00978 ( 1)
  61 K   0.81998 0.08647 0.08417 0.00937 ( 1)
  62 K   0.81888 0.08738 0.08426 0.00949 ( 1)
  63 A   0.81789 0.08829 0.08423 0.00959 ( 1)
  64 P   0.81294 0.09236 0.08460 0.01010 ( 1)
  65 I   0.81860 0.08779 0.08409 0.00952 ( 1)
  66 Q   0.81571 0.09012 0.08436 0.00982 ( 1)
  67 T   0.81491 0.09076 0.08443 0.00990 ( 1)
  68 Y   0.81720 0.08892 0.08422 0.00966 ( 1)
  69 V   0.81656 0.08943 0.08428 0.00973 ( 1)
  70 L   0.81322 0.09213 0.08458 0.01007 ( 1)
  71 G   0.81725 0.08896 0.08413 0.00966 ( 1)
  72 A   0.81696 0.08922 0.08413 0.00969 ( 1)
  73 N   0.82044 0.08646 0.08376 0.00934 ( 1)
  74 N   0.81697 0.08921 0.08413 0.00969 ( 1)
  75 Q   0.81523 0.09059 0.08430 0.00987 ( 1)
  76 E   0.81768 0.08865 0.08405 0.00962 ( 1)
  77 T   0.81448 0.09119 0.08438 0.00994 ( 1)
  78 V   0.81503 0.09076 0.08433 0.00989 ( 1)
  79 K   0.81790 0.08836 0.08416 0.00959 ( 1)
  80 Y   0.81393 0.09155 0.08452 0.01000 ( 1)
  81 F   0.81477 0.09083 0.08448 0.00991 ( 1)
  82 Q   0.81500 0.09069 0.08442 0.00989 ( 1)
  83 D   0.82158 0.08539 0.08381 0.00922 ( 1)
  84 A   0.81753 0.08865 0.08419 0.00963 ( 1)
  85 D   0.82158 0.08539 0.08381 0.00922 ( 1)
  86 G   0.81642 0.08955 0.08429 0.00974 ( 1)
  87 C   0.81558 0.09022 0.08437 0.00983 ( 1)
  88 E   0.81931 0.08722 0.08402 0.00945 ( 1)
  89 L   0.81221 0.09295 0.08467 0.01018 ( 1)
  90 A   0.81753 0.08865 0.08419 0.00963 ( 1)
  91 E   0.81829 0.08804 0.08412 0.00955 ( 1)
  92 N   0.81778 0.08840 0.08421 0.00960 ( 1)
  93 I   0.81860 0.08779 0.08409 0.00952 ( 1)
  94 T   0.81708 0.08901 0.08423 0.00968 ( 1)
  95 Y   0.81720 0.08892 0.08422 0.00966 ( 1)
  96 L   0.81322 0.09213 0.08458 0.01007 ( 1)
  97 G   0.81832 0.08788 0.08425 0.00954 ( 1)
  98 R   0.81640 0.08941 0.08445 0.00974 ( 1)
  99 K   0.81888 0.08738 0.08426 0.00949 ( 1)
 100 G   0.81861 0.08760 0.08428 0.00951 ( 1)
 101 I   0.81587 0.08987 0.08447 0.00980 ( 1)
 102 F   0.81508 0.09053 0.08452 0.00988 ( 1)
 103 T   0.81799 0.08811 0.08433 0.00958 ( 1)
 104 G   0.81566 0.09002 0.08450 0.00982 ( 1)
 105 S   0.81577 0.08993 0.08449 0.00981 ( 1)
 106 S   0.81396 0.09142 0.08463 0.00999 ( 1)
 107 G   0.81726 0.08870 0.08438 0.00965 ( 1)
 108 L   0.81369 0.09159 0.08470 0.01002 ( 1)
 109 Q   0.81649 0.08934 0.08444 0.00973 ( 1)
 110 I   0.81964 0.08675 0.08420 0.00941 ( 1)
 111 V   0.81742 0.08857 0.08437 0.00964 ( 1)
 112 Y   0.81455 0.09093 0.08458 0.00993 ( 1)
 113 L   0.81382 0.09154 0.08464 0.01001 ( 1)
 114 S   0.81923 0.08709 0.08423 0.00945 ( 1)
 115 G   0.81726 0.08870 0.08438 0.00965 ( 1)
 116 T   0.81563 0.09005 0.08450 0.00982 ( 1)
 117 E   0.82041 0.08612 0.08414 0.00933 ( 1)
 118 S   0.81321 0.09204 0.08468 0.01007 ( 1)
 119 L   0.81268 0.09248 0.08472 0.01013 ( 1)
 120 N   0.82247 0.08444 0.08398 0.00912 ( 1)
 121 E   0.82041 0.08612 0.08414 0.00933 ( 1)
 122 P   0.47056 0.43491 0.04726 0.04726 ( 1)
 123 *   0.81447 0.09110 0.08449 0.00994 ( 1)
 124 -   0.81264 0.09266 0.08457 0.01014 ( 1)
 125 -   0.81711 0.08909 0.08412 0.00968 ( 1)
 126 -   0.81358 0.09191 0.08448 0.01004 ( 1)
 127 -   0.81766 0.08866 0.08406 0.00962 ( 1)
 128 -   0.81688 0.08928 0.08414 0.00970 ( 1)
 129 -   0.81766 0.08866 0.08406 0.00962 ( 1)
 130 -   0.81264 0.09266 0.08457 0.01014 ( 1)
 131 -   0.81831 0.08814 0.08400 0.00955 ( 1)
 132 -   0.82085 0.08612 0.08373 0.00930 ( 1)
 133 -   0.81506 0.09072 0.08433 0.00989 ( 1)
 134 -   0.81495 0.09081 0.08434 0.00990 ( 1)
 135 -   0.81241 0.09284 0.08459 0.01016 ( 1)
 136 -   0.81290 0.09245 0.08455 0.01011 ( 1)
 137 -   0.81605 0.08994 0.08423 0.00978 ( 1)
 138 -   0.81451 0.09116 0.08438 0.00994 ( 1)
 139 -   0.81991 0.08687 0.08383 0.00939 ( 1)
 140 -   0.81290 0.09245 0.08455 0.01011 ( 1)
 141 -   0.81514 0.09066 0.08432 0.00988 ( 1)
 142 -   0.81199 0.09318 0.08464 0.01020 ( 1)
 143 -   0.81454 0.09113 0.08439 0.00994 ( 1)
 144 -   0.81241 0.09284 0.08459 0.01016 ( 1)
 145 -   0.81527 0.09056 0.08431 0.00986 ( 1)
 146 -   0.81688 0.08928 0.08414 0.00970 ( 1)
 147 -   0.81831 0.08814 0.08400 0.00955 ( 1)
 148 -   0.81589 0.09007 0.08423 0.00980 ( 1)
 149 -   0.81727 0.08897 0.08410 0.00966 ( 1)
 150 -   0.82085 0.08612 0.08373 0.00930 ( 1)
 151 -   0.81482 0.09092 0.08435 0.00991 ( 1)
 152 -   0.81283 0.09250 0.08455 0.01012 ( 1)
 153 -   0.81294 0.09242 0.08454 0.01010 ( 1)
 154 -   0.81451 0.09116 0.08438 0.00994 ( 1)
 155 -   0.81241 0.09284 0.08459 0.01016 ( 1)
 156 *   0.81404 0.09143 0.08454 0.00999 ( 1)
 157 W   0.81298 0.09223 0.08470 0.01009 ( 1)
 158 P   0.81347 0.09182 0.08466 0.01004 ( 1)
 159 -   0.81831 0.08814 0.08400 0.00955 ( 1)
 160 -   0.81668 0.08943 0.08416 0.00972 ( 1)
 161 -   0.81608 0.08992 0.08423 0.00978 ( 1)
 162 -   0.81594 0.09003 0.08424 0.00980 ( 1)
 163 N   0.81849 0.08769 0.08429 0.00953 ( 1)
 164 F   0.81835 0.08781 0.08430 0.00954 ( 1)
 165 G   0.81726 0.08870 0.08438 0.00965 ( 1)
 166 N   0.82247 0.08444 0.08398 0.00912 ( 1)
 167 S   0.81614 0.08963 0.08447 0.00977 ( 1)
 168 S   0.81614 0.08963 0.08447 0.00977 ( 1)
 169 G   0.81566 0.09002 0.08450 0.00982 ( 1)
 170 E   0.81930 0.08703 0.08423 0.00944 ( 1)
 171 V   0.81742 0.08857 0.08437 0.00964 ( 1)
 172 D   0.82288 0.08410 0.08394 0.00908 ( 1)
 173 T   0.81447 0.09100 0.08459 0.00994 ( 1)
 174 K   0.81888 0.08738 0.08426 0.00949 ( 1)
 175 K   0.81888 0.08738 0.08426 0.00949 ( 1)
 176 C   0.81635 0.08945 0.08445 0.00975 ( 1)
 177 G   0.81489 0.09066 0.08456 0.00990 ( 1)
 178 S   0.81614 0.08963 0.08447 0.00977 ( 1)
 179 A   0.81848 0.08771 0.08429 0.00953 ( 1)
 180 L   0.81369 0.09164 0.08465 0.01002 ( 1)
 181 V   0.81501 0.09055 0.08455 0.00988 ( 1)
 182 S   0.81321 0.09204 0.08468 0.01007 ( 1)
 183 S   0.81923 0.08709 0.08423 0.00945 ( 1)
 184 L   0.81377 0.09157 0.08464 0.01001 ( 1)
 185 A   0.81480 0.09073 0.08457 0.00991 ( 1)
 186 T   0.81563 0.09005 0.08450 0.00982 ( 1)
 187 D   0.81892 0.08734 0.08426 0.00948 ( 1)
 188 L   0.81369 0.09164 0.08465 0.01002 ( 1)
 189 K   0.81888 0.08738 0.08426 0.00949 ( 1)
 190 P   0.81448 0.09100 0.08459 0.00994 ( 1)
 191 R   0.81594 0.08979 0.08448 0.00979 ( 1)
 192 Y   0.81455 0.09093 0.08458 0.00993 ( 1)
 193 H   0.82048 0.08606 0.08413 0.00932 ( 1)
 194 F   0.81835 0.08781 0.08430 0.00954 ( 1)
 195 A   0.81848 0.08771 0.08429 0.00953 ( 1)
 196 A   0.81848 0.08771 0.08429 0.00953 ( 1)
 197 L   0.81369 0.09164 0.08465 0.01002 ( 1)
 198 E   0.81930 0.08703 0.08423 0.00944 ( 1)
 199 K   0.81998 0.08647 0.08417 0.00937 ( 1)
 200 T   0.81447 0.09100 0.08459 0.00994 ( 1)
 201 Y   0.81812 0.08800 0.08432 0.00956 ( 1)
 202 Y   0.81812 0.08800 0.08432 0.00956 ( 1)
 203 E   0.82041 0.08612 0.08414 0.00933 ( 1)
 204 R   0.81739 0.08860 0.08437 0.00964 ( 1)
 205 L   0.81377 0.09157 0.08464 0.01001 ( 1)
 206 P   0.81347 0.09182 0.08466 0.01004 ( 1)
 207 Y   0.81812 0.08800 0.08432 0.00956 ( 1)
 208 R   0.81258 0.09256 0.08473 0.01014 ( 1)
 209 N   0.81849 0.08769 0.08429 0.00953 ( 1)
 210 H   0.81698 0.08894 0.08440 0.00968 ( 1)
 211 I   0.81598 0.08976 0.08448 0.00978 ( 1)
 212 V   0.81879 0.08745 0.08427 0.00949 ( 1)
 213 L   0.81302 0.09220 0.08469 0.01009 ( 1)
 214 Q   0.81649 0.08934 0.08444 0.00973 ( 1)
 215 E   0.81930 0.08703 0.08423 0.00944 ( 1)
 216 N   0.82203 0.08487 0.08393 0.00917 ( 1)
 217 A   0.81601 0.08973 0.08448 0.00978 ( 1)
 218 H   0.47325 0.43239 0.04744 0.04692 ( 1)
 219 H   0.82010 0.08644 0.08409 0.00936 ( 1)
 220 A   0.81480 0.09073 0.08457 0.00991 ( 1)
 221 T   0.81424 0.09123 0.08457 0.00996 ( 1)
 222 R   0.81739 0.08860 0.08437 0.00964 ( 1)
 223 F   0.81510 0.09051 0.08452 0.00988 ( 1)
 224 I   0.81793 0.08833 0.08415 0.00959 ( 1)
 225 A   0.81753 0.08865 0.08419 0.00963 ( 1)
 226 L   0.81322 0.09213 0.08458 0.01007 ( 1)
 227 A   0.81628 0.08967 0.08430 0.00976 ( 1)
 228 N   0.82120 0.08570 0.08384 0.00926 ( 1)
 229 V   0.81782 0.08842 0.08416 0.00960 ( 1)
 230 G   0.81495 0.09073 0.08442 0.00989 ( 1)
 231 N   0.82120 0.08570 0.08384 0.00926 ( 1)
 232 P   0.81386 0.09161 0.08452 0.01001 ( 1)
 233 E   0.81828 0.08805 0.08412 0.00955 ( 1)
 234 K   0.81892 0.08754 0.08406 0.00949 ( 1)
 235 K   0.81790 0.08836 0.08416 0.00959 ( 1)
 236 K   0.81892 0.08754 0.08406 0.00949 ( 1)
 237 Y   0.81720 0.08892 0.08422 0.00966 ( 1)
 238 L   0.81620 0.08972 0.08431 0.00977 ( 1)
 239 Y   0.81653 0.08827 0.08551 0.00969 ( 1)
 240 A   0.81488 0.08992 0.08532 0.00988 ( 1)
 241 F   0.81324 0.09098 0.08575 0.01004 ( 1)
 242 S   0.81671 0.08751 0.08613 0.00966 ( 1)
 243 I   0.81703 0.08719 0.08616 0.00962 ( 1)
 244 V   0.81636 0.08786 0.08609 0.00969 ( 1)
 245 P   0.81217 0.09204 0.08563 0.01016 ( 1)
 246 M   0.81983 0.08531 0.08551 0.00934 ( 1)
 247 K   0.81643 0.08779 0.08610 0.00969 ( 1)
 248 L   0.81181 0.09240 0.08559 0.01019 ( 1)
 249 M   0.81873 0.08549 0.08635 0.00943 ( 1)
 250 E   0.81763 0.08658 0.08623 0.00955 ( 1)
 251 T   0.81387 0.09034 0.08582 0.00997 ( 1)
 252 A   0.81417 0.09004 0.08585 0.00993 ( 1)
 253 E   0.81763 0.08658 0.08623 0.00955 ( 1)
 254 L   0.81241 0.09181 0.08565 0.01013 ( 1)
 255 V   0.81437 0.08985 0.08587 0.00991 ( 1)
 256 K   0.81780 0.08756 0.08507 0.00957 ( 1)
 257 Q   0.81578 0.08946 0.08497 0.00979 ( 1)
 258 P   0.81652 0.08931 0.08444 0.00973 ( 1)
 259 P   0.81456 0.09092 0.08460 0.00993 ( 1)
 260 D   0.81957 0.08464 0.08644 0.00934 ( 1)
 261 V   0.81636 0.08786 0.08609 0.00969 ( 1)
 262 T   0.81799 0.08811 0.08433 0.00958 ( 1)
 263 E   0.81930 0.08703 0.08423 0.00944 ( 1)
 264 N   0.81849 0.08769 0.08429 0.00953 ( 1)
 265 P   0.81583 0.09000 0.08436 0.00980 ( 1)
 266 Y   0.81455 0.09093 0.08458 0.00993 ( 1)
 267 R   0.81594 0.08979 0.08448 0.00979 ( 1)
 268 K   0.81866 0.08760 0.08424 0.00951 ( 1)
 269 S   0.81547 0.09030 0.08439 0.00984 ( 1)
 270 G   0.47279 0.43297 0.04731 0.04693 ( 1)
 271 K   0.81904 0.08741 0.08407 0.00947 ( 1)
 272 E   0.81841 0.08792 0.08413 0.00954 ( 1)
 273 A   0.81535 0.09039 0.08441 0.00985 ( 1)
 274 S   0.46591 0.43921 0.04699 0.04789 ( 1)
 275 M   0.82143 0.08536 0.08399 0.00923 ( 1)
 276 G   0.81566 0.09002 0.08450 0.00982 ( 1)
 277 K   0.81998 0.08647 0.08417 0.00937 ( 1)
 278 Q   0.81572 0.08997 0.08450 0.00981 ( 1)
 279 I   0.81964 0.08675 0.08420 0.00941 ( 1)
 280 S   0.81614 0.08963 0.08447 0.00977 ( 1)
 281 A   0.81848 0.08771 0.08429 0.00953 ( 1)
 282 P   0.81652 0.08931 0.08444 0.00973 ( 1)
 283 E   0.82041 0.08612 0.08414 0.00933 ( 1)
 284 E   0.81829 0.08804 0.08412 0.00955 ( 1)
 285 E   0.81829 0.08804 0.08412 0.00955 ( 1)
 286 S   0.81225 0.09291 0.08466 0.01017 ( 1)
 287 A   0.81415 0.09137 0.08450 0.00998 ( 1)
 288 C   0.81558 0.09022 0.08437 0.00983 ( 1)
 289 Q   0.81500 0.09069 0.08442 0.00989 ( 1)
 290 F   0.81741 0.08875 0.08420 0.00964 ( 1)
 291 F   0.81456 0.09105 0.08446 0.00993 ( 1)
 292 F   0.81741 0.08875 0.08420 0.00964 ( 1)
 293 D   0.82158 0.08539 0.08381 0.00922 ( 1)
 294 L   0.81221 0.09295 0.08467 0.01018 ( 1)
 295 N   0.82157 0.08533 0.08388 0.00922 ( 1)
 296 E   0.81829 0.08804 0.08412 0.00955 ( 1)
 297 K   0.81892 0.08754 0.08406 0.00949 ( 1)
 298 Q   0.81649 0.08934 0.08444 0.00973 ( 1)
 299 G   0.81566 0.09002 0.08450 0.00982 ( 1)
 300 R   0.81739 0.08860 0.08437 0.00964 ( 1)
 301 K   0.81998 0.08647 0.08417 0.00937 ( 1)
 302 R   0.81640 0.08941 0.08445 0.00974 ( 1)
 303 S   0.46758 0.43767 0.04709 0.04767 ( 1)
 304 S   0.81614 0.08963 0.08447 0.00977 ( 1)
 305 T   0.81563 0.09005 0.08450 0.00982 ( 1)
 306 -   0.81387 0.09168 0.08445 0.01001 ( 1)
 307 *   0.81497 0.09076 0.08438 0.00989 ( 1)
 308 D   0.82288 0.08410 0.08394 0.00908 ( 1)
 309 -   0.80789 0.09632 0.08516 0.01063 ( 1)
 310 -   0.80798 0.09624 0.08517 0.01062 ( 1)
 311 -   0.80776 0.09646 0.08514 0.01064 ( 1)
 312 -   0.80778 0.09644 0.08514 0.01064 ( 1)
 313 *   0.81038 0.09427 0.08499 0.01036 ( 1)
 314 P   0.46899 0.43633 0.04719 0.04748 ( 1)
 315 *   0.81960 0.08686 0.08413 0.00941 ( 1)
 316 Q   0.81649 0.08934 0.08444 0.00973 ( 1)
 317 P   0.81652 0.08931 0.08444 0.00973 ( 1)
 318 R   0.81339 0.09189 0.08467 0.01005 ( 1)
 319 K   0.81888 0.08738 0.08426 0.00949 ( 1)
 320 P   0.81652 0.08931 0.08444 0.00973 ( 1)
 321 P   0.81534 0.08996 0.08486 0.00984 ( 1)
 322 Q   0.81649 0.08934 0.08444 0.00973 ( 1)
 323 P   0.81652 0.08931 0.08444 0.00973 ( 1)
 324 P   0.81448 0.09100 0.08459 0.00994 ( 1)
 325 G   0.81583 0.08999 0.08438 0.00980 ( 1)
 326 P   0.81347 0.09182 0.08466 0.01004 ( 1)
 327 C   0.81635 0.08945 0.08445 0.00975 ( 1)
 328 W   0.81298 0.09223 0.08470 0.01009 ( 1)
 329 F   0.81835 0.08781 0.08430 0.00954 ( 1)
 330 C   0.81353 0.09177 0.08466 0.01004 ( 1)
 331 L   0.81703 0.08889 0.08440 0.00968 ( 1)
 332 A   0.81714 0.08880 0.08439 0.00966 ( 1)
 333 S   0.81577 0.08993 0.08449 0.00981 ( 1)
 334 P   0.81652 0.08931 0.08444 0.00973 ( 1)
 335 E   0.81930 0.08703 0.08423 0.00944 ( 1)
 336 V   0.81742 0.08857 0.08437 0.00964 ( 1)
 337 E   0.81930 0.08703 0.08423 0.00944 ( 1)
 338 K   0.81998 0.08647 0.08417 0.00937 ( 1)
 339 H   0.82048 0.08606 0.08413 0.00932 ( 1)
 340 L   0.81369 0.09164 0.08465 0.01002 ( 1)
 341 V   0.81742 0.08857 0.08437 0.00964 ( 1)
 342 V   0.81501 0.09055 0.08455 0.00988 ( 1)
 343 N   0.81849 0.08769 0.08429 0.00953 ( 1)
 344 I   0.81598 0.08976 0.08448 0.00978 ( 1)
 345 G   0.81489 0.09066 0.08456 0.00990 ( 1)
 346 T   0.81563 0.09005 0.08450 0.00982 ( 1)
 347 H   0.82048 0.08606 0.08413 0.00932 ( 1)
 348 -   0.81229 0.09302 0.08452 0.01017 ( 1)
 349 -   0.81358 0.09191 0.08448 0.01004 ( 1)
 350 -   0.81573 0.09019 0.08426 0.00982 ( 1)
 351 -   0.81389 0.09164 0.08447 0.01001 ( 1)
 352 -   0.81290 0.09245 0.08455 0.01011 ( 1)
 353 -   0.81379 0.09174 0.08446 0.01002 ( 1)
 354 -   0.81734 0.08891 0.08410 0.00965 ( 1)
 355 -   0.81454 0.09114 0.08438 0.00994 ( 1)
 356 -   0.81387 0.09168 0.08445 0.01001 ( 1)
 357 -   0.81195 0.09321 0.08464 0.01021 ( 1)
 358 -   0.81495 0.09081 0.08434 0.00990 ( 1)
 359 -   0.82085 0.08612 0.08373 0.00930 ( 1)
 360 -   0.81738 0.08888 0.08409 0.00965 ( 1)
 361 -   0.81875 0.08779 0.08395 0.00951 ( 1)
 362 -   0.81398 0.09159 0.08444 0.01000 ( 1)
 363 -   0.81294 0.09242 0.08454 0.01010 ( 1)
 364 -   0.81482 0.09092 0.08435 0.00991 ( 1)
 365 -   0.81224 0.09297 0.08461 0.01018 ( 1)
 366 -   0.81324 0.09223 0.08446 0.01007 ( 1)
 367 -   0.81801 0.08838 0.08403 0.00958 ( 1)
 368 -   0.81594 0.09003 0.08424 0.00980 ( 1)
 369 -   0.81569 0.09023 0.08426 0.00982 ( 1)
 370 -   0.81358 0.09191 0.08448 0.01004 ( 1)
 371 -   0.81527 0.09056 0.08431 0.00986 ( 1)
 372 -   0.81199 0.09318 0.08464 0.01020 ( 1)
 373 -   0.81608 0.08992 0.08423 0.00978 ( 1)
 374 -   0.81608 0.08992 0.08423 0.00978 ( 1)
 375 -   0.81868 0.08784 0.08396 0.00952 ( 1)
 376 -   0.81573 0.09019 0.08426 0.00982 ( 1)
 377 -   0.81199 0.09318 0.08464 0.01020 ( 1)
 378 -   0.81451 0.09116 0.08438 0.00994 ( 1)
 379 -   0.81868 0.08784 0.08396 0.00952 ( 1)
 380 -   0.81608 0.08992 0.08423 0.00978 ( 1)
 381 -   0.81506 0.09072 0.08433 0.00989 ( 1)
 382 -   0.81772 0.08861 0.08406 0.00961 ( 1)
 383 -   0.81868 0.08784 0.08396 0.00952 ( 1)
 384 -   0.81608 0.08992 0.08423 0.00978 ( 1)
 385 -   0.81868 0.08784 0.08396 0.00952 ( 1)
 386 -   0.81831 0.08814 0.08400 0.00955 ( 1)
 387 -   0.81358 0.09191 0.08448 0.01004 ( 1)
 388 -   0.81831 0.08814 0.08400 0.00955 ( 1)
 389 -   0.81608 0.08992 0.08423 0.00978 ( 1)
 390 -   0.81451 0.09116 0.08438 0.00994 ( 1)
 391 -   0.81290 0.09245 0.08455 0.01011 ( 1)
 392 -   0.81605 0.08994 0.08423 0.00978 ( 1)
 393 -   0.81361 0.09188 0.08447 0.01003 ( 1)
 394 -   0.81417 0.09143 0.08442 0.00998 ( 1)
 395 -   0.81688 0.08928 0.08414 0.00970 ( 1)
 396 -   0.81831 0.08814 0.08400 0.00955 ( 1)
 397 *   0.81784 0.08848 0.08408 0.00960 ( 1)
 398 *   0.81197 0.09317 0.08466 0.01020 ( 1)
 399 *   0.81537 0.09031 0.08447 0.00985 ( 1)
 400 K   0.81888 0.08738 0.08426 0.00949 ( 1)
 401 R   0.81459 0.09090 0.08458 0.00993 ( 1)
 402 C   0.81635 0.08945 0.08445 0.00975 ( 1)
 403 V   0.81879 0.08745 0.08427 0.00949 ( 1)
 404 L   0.81302 0.09220 0.08469 0.01009 ( 1)
 405 F   0.81835 0.08781 0.08430 0.00954 ( 1)
 406 E   0.82041 0.08612 0.08414 0.00933 ( 1)
 407 R   0.81594 0.08979 0.08448 0.00979 ( 1)
 408 N   0.82247 0.08444 0.08398 0.00912 ( 1)
 409 Y   0.81812 0.08800 0.08432 0.00956 ( 1)
 410 K   0.81998 0.08647 0.08417 0.00937 ( 1)
 411 S   0.81923 0.08709 0.08423 0.00945 ( 1)
 412 H   0.82048 0.08606 0.08413 0.00932 ( 1)
 413 H   0.81698 0.08894 0.08440 0.00968 ( 1)
 414 L   0.81382 0.09154 0.08464 0.01001 ( 1)
 415 Q   0.81649 0.08934 0.08444 0.00973 ( 1)
 416 L   0.81302 0.09220 0.08469 0.01009 ( 1)
 417 Q   0.81649 0.08934 0.08444 0.00973 ( 1)
 418 -   0.81398 0.09159 0.08444 0.01000 ( 1)
 419 -   0.81801 0.08838 0.08403 0.00958 ( 1)
 420 -   0.81529 0.09054 0.08430 0.00986 ( 1)
 421 -   0.81608 0.08992 0.08423 0.00978 ( 1)
 422 -   0.81351 0.09196 0.08448 0.01004 ( 1)
 423 -   0.81294 0.09242 0.08454 0.01010 ( 1)
 424 -   0.81463 0.09107 0.08437 0.00993 ( 1)
 425 -   0.81269 0.09262 0.08457 0.01013 ( 1)
 426 -   0.81269 0.09262 0.08457 0.01013 ( 1)
 427 -   0.81657 0.08952 0.08417 0.00973 ( 1)
 428 -   0.81451 0.09116 0.08438 0.00994 ( 1)
 429 -   0.82085 0.08612 0.08373 0.00930 ( 1)
 430 -   0.81738 0.08888 0.08409 0.00965 ( 1)
 431 -   0.81801 0.08838 0.08403 0.00958 ( 1)
 432 -   0.81734 0.08891 0.08410 0.00965 ( 1)
 433 -   0.82085 0.08612 0.08373 0.00930 ( 1)
 434 -   0.81339 0.09214 0.08441 0.01006 ( 1)
 435 -   0.81370 0.09190 0.08437 0.01003 ( 1)
 436 -   0.47162 0.43418 0.04716 0.04704 ( 1)
 437 -   0.81288 0.09259 0.08442 0.01011 ( 1)
 438 -   0.81526 0.09056 0.08431 0.00986 ( 1)
 439 -   0.81485 0.09090 0.08435 0.00991 ( 1)
 440 -   0.81868 0.08784 0.08396 0.00952 ( 1)
 441 -   0.81526 0.09056 0.08431 0.00986 ( 1)
 442 -   0.81459 0.09110 0.08438 0.00993 ( 1)
 443 -   0.81526 0.09056 0.08431 0.00986 ( 1)
 444 -   0.81801 0.08838 0.08403 0.00958 ( 1)
 445 -   0.81868 0.08784 0.08396 0.00952 ( 1)
 446 -   0.81290 0.09245 0.08455 0.01011 ( 1)
 447 -   0.81283 0.09250 0.08455 0.01012 ( 1)
 448 -   0.81772 0.08861 0.08406 0.00961 ( 1)
 449 -   0.81482 0.09092 0.08435 0.00991 ( 1)
 450 -   0.81351 0.09196 0.08448 0.01004 ( 1)
 451 -   0.81851 0.08802 0.08394 0.00953 ( 1)
 452 -   0.81519 0.09073 0.08421 0.00988 ( 1)
 453 -   0.81450 0.09127 0.08429 0.00995 ( 1)
 454 -   0.81608 0.08960 0.08456 0.00977 ( 1)
 455 -   0.81437 0.09137 0.08430 0.00996 ( 1)
 456 -   0.81497 0.08925 0.08594 0.00985 ( 1)
 457 -   0.81479 0.09104 0.08426 0.00992 ( 1)
 458 I   0.81703 0.08719 0.08616 0.00962 ( 1)
 459 A   0.81418 0.09004 0.08585 0.00993 ( 1)
 460 Q   0.81649 0.08934 0.08444 0.00973 ( 1)
 461 P   0.81365 0.09114 0.08520 0.01001 ( 1)
 462 G   0.81390 0.09032 0.08582 0.00997 ( 1)
 463 A   0.81417 0.09004 0.08585 0.00993 ( 1)
 464 A   0.81417 0.09004 0.08585 0.00993 ( 1)
 465 Y   0.81583 0.08838 0.08603 0.00975 ( 1)
 466 F   0.81601 0.08820 0.08605 0.00973 ( 1)
 467 Y   0.81583 0.08838 0.08603 0.00975 ( 1)
 468 *   0.47389 0.43032 0.04847 0.04732 ( 1)
 469 E   0.81677 0.08745 0.08613 0.00965 ( 1)
 470 L   0.81498 0.08924 0.08594 0.00985 ( 1)
 471 D   0.81646 0.08775 0.08610 0.00968 ( 1)
 472 T   0.81468 0.08954 0.08590 0.00988 ( 1)
 473 G   0.81566 0.09002 0.08450 0.00982 ( 1)
 474 E   0.81975 0.08678 0.08407 0.00940 ( 1)
 475 K   0.81861 0.08764 0.08423 0.00951 ( 1)
 476 L   0.81703 0.08889 0.08440 0.00968 ( 1)
 477 F   0.81505 0.09056 0.08451 0.00988 ( 1)
 478 H   0.81769 0.08653 0.08624 0.00955 ( 1)
 479 R   0.81565 0.08984 0.08470 0.00981 ( 1)
 480 I   0.81932 0.08707 0.08417 0.00944 ( 1)
 481 K   0.81998 0.08647 0.08417 0.00937 ( 1)
 482 K   0.81998 0.08647 0.08417 0.00937 ( 1)
 483 N   0.82247 0.08444 0.08398 0.00912 ( 1)
 484 F   0.81835 0.08781 0.08430 0.00954 ( 1)
 485 P   0.81652 0.08931 0.08444 0.00973 ( 1)
 486 L   0.81369 0.09164 0.08465 0.01002 ( 1)
 487 Q   0.81649 0.08934 0.08444 0.00973 ( 1)
 488 F   0.81835 0.08781 0.08430 0.00954 ( 1)
 489 G   0.81566 0.09002 0.08450 0.00982 ( 1)
 490 R   0.81739 0.08860 0.08437 0.00964 ( 1)
 491 E   0.82041 0.08612 0.08414 0.00933 ( 1)
 492 V   0.81626 0.08953 0.08446 0.00976 ( 1)
 493 L   0.81377 0.09157 0.08464 0.01001 ( 1)
 494 A   0.81480 0.09073 0.08457 0.00991 ( 1)
 495 S   0.81923 0.08709 0.08423 0.00945 ( 1)
 496 E   0.81930 0.08703 0.08423 0.00944 ( 1)
 497 A   0.81480 0.09073 0.08457 0.00991 ( 1)
 498 I   0.81598 0.08976 0.08448 0.00978 ( 1)
 499 *   0.81644 0.08948 0.08434 0.00974 ( 1)
 500 N   0.82247 0.08444 0.08398 0.00912 ( 1)
 501 I   0.81964 0.08675 0.08420 0.00941 ( 1)
 502 P   0.81652 0.08931 0.08444 0.00973 ( 1)
 503 D   0.47756 0.42846 0.04765 0.04632 ( 1)
 504 K   0.81998 0.08647 0.08417 0.00937 ( 1)
 505 S   0.81614 0.08963 0.08447 0.00977 ( 1)
 506 *   0.81848 0.08778 0.08421 0.00953 ( 1)
 507 *   0.81256 0.09265 0.08465 0.01014 ( 1)
 508 R   0.81739 0.08860 0.08437 0.00964 ( 1)
 509 Q   0.81572 0.08997 0.08450 0.00981 ( 1)
 510 C   0.81635 0.08945 0.08445 0.00975 ( 1)
 511 Q   0.81649 0.08934 0.08444 0.00973 ( 1)
 512 L   0.81382 0.09154 0.08464 0.01001 ( 1)
 513 S   0.81577 0.08993 0.08449 0.00981 ( 1)
 514 K   0.81998 0.08647 0.08417 0.00937 ( 1)
 515 E   0.81930 0.08703 0.08423 0.00944 ( 1)
 516 E   0.82041 0.08612 0.08414 0.00933 ( 1)
 517 E   0.81930 0.08703 0.08423 0.00944 ( 1)
 518 E   0.82041 0.08612 0.08414 0.00933 ( 1)
 519 M   0.82180 0.08498 0.08403 0.00919 ( 1)
 520 L   0.81377 0.09157 0.08464 0.01001 ( 1)
 521 A   0.81848 0.08771 0.08429 0.00953 ( 1)
 522 R   0.81339 0.09189 0.08467 0.01005 ( 1)
 523 R   0.81339 0.09189 0.08467 0.01005 ( 1)
 524 F   0.81524 0.09037 0.08453 0.00986 ( 1)
 525 R   0.81373 0.09176 0.08449 0.01002 ( 1)
 526 K   0.81888 0.08738 0.08426 0.00949 ( 1)
 527 D   0.81892 0.08734 0.08426 0.00948 ( 1)
 528 F   0.81835 0.08781 0.08430 0.00954 ( 1)
 529 E   0.82041 0.08612 0.08414 0.00933 ( 1)
 530 P   0.81347 0.09182 0.08466 0.01004 ( 1)
 531 F   0.81835 0.08781 0.08430 0.00954 ( 1)
 532 D   0.81892 0.08734 0.08426 0.00948 ( 1)
 533 F   0.81524 0.09037 0.08453 0.00986 ( 1)
 534 T   0.81799 0.08811 0.08433 0.00958 ( 1)
 535 L   0.81377 0.09157 0.08464 0.01001 ( 1)
 536 D   0.82288 0.08410 0.08394 0.00908 ( 1)
 537 D   0.81892 0.08734 0.08426 0.00948 ( 1)

