

TREE # 1

  0  0.0000   2422.980360  x:  0.00160   0.00075   0.00032   0.00037   0.00015   0.00081   0.00103   0.00052   0.00218   0.00184   0.00023   0.00000   0.00396   0.00246   0.00422   0.00385   0.00525   0.00675   0.01298   0.00534   0.00086   0.00512   0.00228   0.00573   0.00315   0.00496   0.00130   3.00000   1.02331   0.18900   0.26868   2.57026  
  1 99.0000   2422.973701  x:  0.00160   0.00075   0.00031   0.00037   0.00015   0.00081   0.00103   0.00052   0.00218   0.00184   0.00023   0.00000   0.00396   0.00246   0.00422   0.00385   0.00525   0.00675   0.01297   0.00534   0.00086   0.00512   0.00228   0.00572   0.00315   0.00496   0.00130   3.00000   1.02331   0.18900   0.26868   2.57026  
  2 2089.5583   2421.902202  x:  0.00145   0.00060   0.00016   0.00022   0.00000   0.00066   0.00088   0.00037   0.00203   0.00169   0.00008   0.00000   0.00392   0.00236   0.00424   0.00385   0.00525   0.00675   0.01297   0.00532   0.00071   0.00511   0.00229   0.00570   0.00314   0.00495   0.00117   3.00000   1.02331   0.18900   0.26868   2.57026  
  3 30300.0090   2421.902202  x:  0.00145   0.00060   0.00016   0.00022   0.00000   0.00066   0.00088   0.00037   0.00203   0.00169   0.00008   0.00000   0.00392   0.00236   0.00424   0.00385   0.00525   0.00675   0.01297   0.00532   0.00071   0.00511   0.00229   0.00570   0.00314   0.00495   0.00117   3.00000   1.02331   0.18900   0.26868   2.57026  
  4 2844802.2881   2421.350766  x:  0.00137   0.00053   0.00009   0.00014   0.00000   0.00058   0.00080   0.00030   0.00196   0.00161   0.00000   0.00000   0.00388   0.00231   0.00426   0.00385   0.00526   0.00674   0.01297   0.00530   0.00064   0.00517   0.00227   0.00567   0.00311   0.00493   0.00110   3.00000   1.02331   0.18900   0.26868   2.57026  
  5 1952.2582   2420.842062  x:  0.00129   0.00044   0.00000   0.00006   0.00000   0.00050   0.00072   0.00021   0.00188   0.00153   0.00000   0.00000   0.00385   0.00225   0.00427   0.00385   0.00526   0.00674   0.01297   0.00529   0.00056   0.00516   0.00228   0.00566   0.00310   0.00493   0.00102   3.00000   1.02331   0.18900   0.26868   2.57026  
  6 22347.8356   2420.560916  x:  0.00123   0.00039   0.00000   0.00000   0.00000   0.00045   0.00066   0.00016   0.00182   0.00148   0.00000   0.00000   0.00385   0.00223   0.00428   0.00385   0.00526   0.00674   0.01297   0.00528   0.00051   0.00516   0.00228   0.00565   0.00310   0.00493   0.00097   3.00000   1.02331   0.18900   0.26868   2.57026  
  7 384776.0340   2419.780138  x:  0.00108   0.00023   0.00000   0.00000   0.00000   0.00029   0.00051   0.00000   0.00167   0.00132   0.00000   0.00000   0.00382   0.00213   0.00429   0.00385   0.00526   0.00673   0.01297   0.00527   0.00035   0.00515   0.00226   0.00563   0.00310   0.00492   0.00083   3.00000   1.02331   0.18900   0.26867   2.57026  
  8 1484468.6563   2418.740774  x:  0.00085   0.00000   0.00000   0.00000   0.00000   0.00006   0.00028   0.00000   0.00144   0.00110   0.00000   0.00000   0.00382   0.00190   0.00435   0.00385   0.00524   0.00673   0.01296   0.00527   0.00012   0.00518   0.00231   0.00562   0.00314   0.00493   0.00062   3.00000   1.02331   0.18900   0.26867   2.57026  
  9 34048.3005   2418.512132  x:  0.00079   0.00000   0.00000   0.00000   0.00000   0.00000   0.00022   0.00000   0.00139   0.00104   0.00000   0.00000   0.00384   0.00183   0.00437   0.00385   0.00526   0.00673   0.01296   0.00528   0.00007   0.00517   0.00231   0.00563   0.00311   0.00493   0.00056   3.00000   1.02331   0.18900   0.26866   2.57026  
 10 7827.6434   2418.309362  x:  0.00073   0.00000   0.00000   0.00000   0.00000   0.00000   0.00016   0.00000   0.00133   0.00098   0.00000   0.00000   0.00384   0.00180   0.00435   0.00384   0.00525   0.00673   0.01296   0.00528   0.00000   0.00517   0.00231   0.00564   0.00310   0.00492   0.00051   3.00000   1.02331   0.18900   0.26866   2.57026  
 11 2606.3379   2417.894661  x:  0.00057   0.00000   0.00000   0.00000   0.00000   0.00000   0.00000   0.00000   0.00119   0.00083   0.00000   0.00000   0.00382   0.00175   0.00437   0.00384   0.00525   0.00673   0.01296   0.00526   0.00000   0.00517   0.00231   0.00564   0.00310   0.00490   0.00036   3.00000   1.02331   0.18900   0.26865   2.57026  
 12 14267.9404   2417.057978  x:  0.00018   0.00000   0.00000   0.00000   0.00000   0.00000   0.00000   0.00000   0.00082   0.00045   0.00000   0.00000   0.00377   0.00163   0.00438   0.00384   0.00526   0.00673   0.01296   0.00525   0.00000   0.00516   0.00231   0.00559   0.00309   0.00492   0.00000   3.00000   1.02331   0.18900   0.26862   2.57026  
 13 64554.7783   2416.754776  x:  0.00000   0.00000   0.00000   0.00000   0.00000   0.00000   0.00000   0.00000   0.00065   0.00027   0.00000   0.00000   0.00379   0.00159   0.00440   0.00382   0.00520   0.00673   0.01295   0.00527   0.00000   0.00516   0.00231   0.00553   0.00306   0.00489   0.00000   3.00000   1.02332   0.18900   0.26861   2.57026  
 14 5607.0215   2416.459174  x:  0.00000   0.00000   0.00000   0.00000   0.00000   0.00000   0.00000   0.00000   0.00040   0.00000   0.00000   0.00000   0.00380   0.00154   0.00440   0.00385   0.00522   0.00673   0.01293   0.00527   0.00000   0.00515   0.00230   0.00550   0.00307   0.00485   0.00000   3.00000   1.02332   0.18899   0.26859   2.57026  
 15 2615.1647   2416.220014  x:  0.00000   0.00000   0.00000   0.00000   0.00000   0.00000   0.00000   0.00000   0.00000   0.00000   0.00000   0.00000   0.00379   0.00148   0.00442   0.00383   0.00523   0.00673   0.01292   0.00526   0.00000   0.00515   0.00230   0.00549   0.00308   0.00484   0.00000   2.99999   1.02332   0.18899   0.26857   2.57026  
 16 8162.1065   2415.665444  x:  0.00000   0.00000   0.00000   0.00000   0.00000   0.00000   0.00000   0.00000   0.00000   0.00000   0.00000   0.00000   0.00316   0.00000   0.00447   0.00454   0.00448   0.00663   0.01302   0.00505   0.00000   0.00508   0.00221   0.00573   0.00281   0.00515   0.00000   2.99998   1.02336   0.18896   0.26807   2.57025  
 17 469.5160   2415.645482  x:  0.00000   0.00000   0.00000   0.00000   0.00000   0.00000   0.00000   0.00000   0.00000   0.00000   0.00000   0.00000   0.00294   0.00000   0.00452   0.00453   0.00452   0.00642   0.01387   0.00531   0.00000   0.00507   0.00221   0.00573   0.00282   0.00499   0.00000   2.99999   1.02347   0.18888   0.26762   2.57024  
 18 29.5637   2415.624816  x:  0.00000   0.00000   0.00000   0.00000   0.00000   0.00000   0.00000   0.00000   0.00000   0.00000   0.00000   0.00000   0.00319   0.00000   0.00453   0.00455   0.00450   0.00651   0.01446   0.00482   0.00000   0.00506   0.00223   0.00552   0.00277   0.00507   0.00000   3.00001   1.02368   0.18871   0.26678   2.57021  
 19 26.5702   2415.156010  x:  0.00000   0.00000   0.00000   0.00000   0.00000   0.00000   0.00000   0.00000   0.00000   0.00000   0.00000   0.00000   0.00187   0.00000   0.00452   0.00452   0.00501   0.00831   0.01416   0.00451   0.00000   0.00503   0.00311   0.00476   0.00182   0.00450   0.00000   3.00087   1.02957   0.18401   0.24461   2.56950  
 20 47.7379   2414.960927  x:  0.00000   0.00000   0.00000   0.00000   0.00000   0.00000   0.00000   0.00000   0.00000   0.00000   0.00000   0.00000   0.00186   0.00000   0.00448   0.00452   0.00519   0.00640   0.01359   0.00402   0.00000   0.00503   0.00350   0.00438   0.00139   0.00432   0.00000   3.00123   1.03204   0.18204   0.23534   2.56921  
 21 475.7529   2412.263942  x:  0.00000   0.00000   0.00000   0.00000   0.00000   0.00000   0.00000   0.00000   0.00000   0.00000   0.00000   0.00000   0.00170   0.00000   0.00459   0.00467   0.00530   0.00643   0.01352   0.00403   0.00000   0.00585   0.00296   0.00367   0.00147   0.00437   0.00000   3.00958   1.09557   0.13136   0.00000   2.56158  
 22 15.4562   2411.936774  x:  0.00000   0.00000   0.00000   0.00000   0.00000   0.00000   0.00000   0.00000   0.00000   0.00000   0.00000   0.00000   0.00166   0.00000   0.00512   0.00460   0.00513   0.00652   0.01360   0.00330   0.00000   0.00680   0.00299   0.00539   0.00140   0.00342   0.00000   3.00088   1.16983   0.08641   0.00000   2.54636  
 23  4.3224   2411.624601  x:  0.00000   0.00000   0.00000   0.00000   0.00000   0.00000   0.00000   0.00000   0.00000   0.00000   0.00000   0.00000   0.00189   0.00000   0.00557   0.00431   0.00523   0.00670   0.01386   0.00383   0.00000   0.00755   0.00274   0.00563   0.00095   0.00472   0.00000   2.87749   1.33200   0.08205   0.00000   2.47030  
 24  1.5375   2410.860762  x:  0.00000   0.00000   0.00000   0.00000   0.00000   0.00000   0.00000   0.00000   0.00000   0.00000   0.00000   0.00000   0.00170   0.00000   0.00668   0.00433   0.00565   0.00614   0.01305   0.00357   0.00000   0.00793   0.00163   0.00463   0.00186   0.00504   0.00000   2.48657   1.75386   0.15692   0.00000   2.23129  
 25  5.3646   2410.689340  x:  0.00000   0.00000   0.00000   0.00000   0.00000   0.00000   0.00000   0.00000   0.00000   0.00000   0.00000   0.00000   0.00171   0.00000   0.00698   0.00438   0.00573   0.00603   0.01284   0.00356   0.00000   0.00809   0.00137   0.00432   0.00209   0.00504   0.00000   2.38207   1.86523   0.18248   0.04708   2.16515  
 26 25.3470   2410.524528  x:  0.00000   0.00000   0.00000   0.00000   0.00000   0.00000   0.00000   0.00000   0.00000   0.00000   0.00000   0.00000   0.00227   0.00000   0.00731   0.00486   0.00550   0.00612   0.01262   0.00410   0.00000   0.00839   0.00182   0.00371   0.00220   0.00436   0.00000   2.30093   1.99736   0.20170   0.06193   2.08984  
 27  3.2715   2410.308397  x:  0.00000   0.00000   0.00000   0.00000   0.00000   0.00000   0.00000   0.00000   0.00000   0.00000   0.00000   0.00000   0.00242   0.00000   0.00609   0.00389   0.00564   0.00640   0.01277   0.00422   0.00000   0.00888   0.00149   0.00342   0.00214   0.00353   0.00000   2.29183   2.27448   0.30075   0.08019   1.89114  
 28  1.0151   2410.193967  x:  0.00000   0.00000   0.00000   0.00000   0.00000   0.00000   0.00000   0.00000   0.00000   0.00000   0.00000   0.00000   0.00219   0.00000   0.00581   0.00333   0.00577   0.00617   0.01284   0.00405   0.00000   0.00928   0.00197   0.00358   0.00239   0.00390   0.00000   2.30786   2.45630   0.36716   0.10111   1.75753  
 29  3.2657   2409.837920  x:  0.00000   0.00000   0.00000   0.00000   0.00000   0.00000   0.00000   0.00000   0.00000   0.00000   0.00000   0.00000   0.00180   0.00000   0.00623   0.00452   0.00675   0.00658   0.01275   0.00387   0.00000   0.01116   0.00204   0.00389   0.00227   0.00380   0.00000   2.56537   3.03881   0.85752   0.10001   1.15327  
 30  1.2808   2409.745210  x:  0.00000   0.00000   0.00000   0.00000   0.00000   0.00000   0.00000   0.00000   0.00000   0.00000   0.00000   0.00000   0.00170   0.00000   0.00670   0.00429   0.00625   0.00658   0.01261   0.00378   0.00000   0.01102   0.00200   0.00369   0.00219   0.00372   0.00000   2.61773   3.19852   0.93601   0.10643   1.00000  
 31  0.8397   2409.664242  x:  0.00000   0.00000   0.00000   0.00000   0.00000   0.00000   0.00000   0.00000   0.00000   0.00000   0.00000   0.00000   0.00204   0.00000   0.00670   0.00409   0.00580   0.00630   0.01264   0.00366   0.00000   0.01013   0.00180   0.00375   0.00206   0.00374   0.00000   2.68475   3.58086   1.00610   0.13632   1.00000  
 32  0.4538   2409.626356  x:  0.00000   0.00000   0.00000   0.00000   0.00000   0.00000   0.00000   0.00000   0.00000   0.00000   0.00000   0.00000   0.00202   0.00000   0.00668   0.00388   0.00546   0.00620   0.01277   0.00377   0.00000   0.01039   0.00173   0.00373   0.00187   0.00395   0.00000   2.65852   3.76669   1.13947   0.12463   1.00000  
 33  0.3468   2409.573653  x:  0.00000   0.00000   0.00000   0.00000   0.00000   0.00000   0.00000   0.00000   0.00000   0.00000   0.00000   0.00000   0.00174   0.00000   0.00647   0.00401   0.00556   0.00625   0.01278   0.00386   0.00000   0.01004   0.00181   0.00364   0.00170   0.00401   0.00000   2.53985   4.29058   1.30249   0.14535   1.00000  
 34  0.5697   2409.522191  x:  0.00000   0.00000   0.00000   0.00000   0.00000   0.00000   0.00000   0.00000   0.00000   0.00000   0.00000   0.00000   0.00199   0.00000   0.00639   0.00422   0.00603   0.00652   0.01272   0.00371   0.00000   0.01030   0.00201   0.00385   0.00173   0.00407   0.00000   2.49472   4.99602   1.63798   0.14852   1.00000  
 35  0.4166   2409.492823  x:  0.00000   0.00000   0.00000   0.00000   0.00000   0.00000   0.00000   0.00000   0.00000   0.00000   0.00000   0.00000   0.00195   0.00000   0.00659   0.00411   0.00583   0.00625   0.01272   0.00402   0.00000   0.01027   0.00201   0.00397   0.00184   0.00392   0.00000   2.51523   5.70566   1.94580   0.16210   1.00000  
 36  0.4830   2409.465094  x:  0.00000   0.00000   0.00000   0.00000   0.00000   0.00000   0.00000   0.00000   0.00000   0.00000   0.00000   0.00000   0.00186   0.00000   0.00667   0.00399   0.00567   0.00625   0.01279   0.00377   0.00000   0.01022   0.00191   0.00366   0.00191   0.00391   0.00000   2.53853   6.49551   2.34932   0.15950   1.00000  
 37  0.5499   2409.453527  x:  0.00000   0.00000   0.00000   0.00000   0.00000   0.00000   0.00000   0.00000   0.00000   0.00000   0.00000   0.00000   0.00188   0.00000   0.00656   0.00405   0.00576   0.00640   0.01272   0.00374   0.00000   0.01017   0.00186   0.00373   0.00192   0.00394   0.00000   2.52098   7.32354   2.71877   0.16930   1.00000  
 38  0.6961   2409.446106  x:  0.00000   0.00000   0.00000   0.00000   0.00000   0.00000   0.00000   0.00000   0.00000   0.00000   0.00000   0.00000   0.00188   0.00000   0.00647   0.00414   0.00585   0.00638   0.01266   0.00386   0.00000   0.01023   0.00185   0.00388   0.00192   0.00391   0.00000   2.52344   8.00801   3.06275   0.16664   1.00000  
 39  0.6815   2409.438824  x:  0.00000   0.00000   0.00000   0.00000   0.00000   0.00000   0.00000   0.00000   0.00000   0.00000   0.00000   0.00000   0.00192   0.00000   0.00654   0.00414   0.00575   0.00628   0.01281   0.00378   0.00000   0.01026   0.00190   0.00376   0.00191   0.00395   0.00000   2.50588   9.50582   3.78199   0.17136   1.00000  
 40  0.7360   2409.435533  x:  0.00000   0.00000   0.00000   0.00000   0.00000   0.00000   0.00000   0.00000   0.00000   0.00000   0.00000   0.00000   0.00189   0.00000   0.00657   0.00405   0.00573   0.00640   0.01270   0.00379   0.00000   0.01020   0.00190   0.00377   0.00189   0.00394   0.00000   2.52595  10.51409   4.28311   0.16966   1.00000  
 41  0.6094   2409.433652  x:  0.00000   0.00000   0.00000   0.00000   0.00000   0.00000   0.00000   0.00000   0.00000   0.00000   0.00000   0.00000   0.00189   0.00000   0.00653   0.00409   0.00582   0.00631   0.01271   0.00382   0.00000   0.01022   0.00189   0.00379   0.00189   0.00394   0.00000   2.51952  12.07438   5.04028   0.17184   1.00000  
 42  0.8472   2409.432718  x:  0.00000   0.00000   0.00000   0.00000   0.00000   0.00000   0.00000   0.00000   0.00000   0.00000   0.00000   0.00000   0.00190   0.00000   0.00656   0.00410   0.00577   0.00635   0.01278   0.00380   0.00000   0.01026   0.00189   0.00378   0.00190   0.00395   0.00000   2.51558  13.53042   5.75919   0.17061   1.00000  
 43  0.7121   2409.432277  x:  0.00000   0.00000   0.00000   0.00000   0.00000   0.00000   0.00000   0.00000   0.00000   0.00000   0.00000   0.00000   0.00189   0.00000   0.00654   0.00409   0.00576   0.00635   0.01270   0.00379   0.00000   0.01021   0.00189   0.00378   0.00189   0.00393   0.00000   2.51983  15.13874   6.54172   0.17171   1.00000  
 44  0.9316   2409.432087  x:  0.00000   0.00000   0.00000   0.00000   0.00000   0.00000   0.00000   0.00000   0.00000   0.00000   0.00000   0.00000   0.00189   0.00000   0.00654   0.00409   0.00579   0.00633   0.01273   0.00380   0.00000   0.01022   0.00189   0.00378   0.00190   0.00394   0.00000   2.51737  16.50095   7.21187   0.17097   1.00000  
 45  0.7172   2409.431994  x:  0.00000   0.00000   0.00000   0.00000   0.00000   0.00000   0.00000   0.00000   0.00000   0.00000   0.00000   0.00000   0.00190   0.00000   0.00655   0.00409   0.00577   0.00635   0.01274   0.00380   0.00000   0.01023   0.00189   0.00378   0.00190   0.00394   0.00000   2.51740  18.09339   7.99097   0.17149   1.00000  
 46  0.8586   2409.431949  x:  0.00000   0.00000   0.00000   0.00000   0.00000   0.00000   0.00000   0.00000   0.00000   0.00000   0.00000   0.00000   0.00189   0.00000   0.00654   0.00409   0.00577   0.00634   0.01272   0.00380   0.00000   0.01022   0.00189   0.00378   0.00189   0.00394   0.00000   2.51869  19.58735   8.72376   0.17122   1.00000  
 47  0.8104   2409.431929  x:  0.00000   0.00000   0.00000   0.00000   0.00000   0.00000   0.00000   0.00000   0.00000   0.00000   0.00000   0.00000   0.00189   0.00000   0.00654   0.00409   0.00578   0.00634   0.01273   0.00380   0.00000   0.01023   0.00189   0.00378   0.00189   0.00394   0.00000   2.51793  21.12372   9.47648   0.17132   1.00000  
 48  0.7924   2409.431919  x:  0.00000   0.00000   0.00000   0.00000   0.00000   0.00000   0.00000   0.00000   0.00000   0.00000   0.00000   0.00000   0.00190   0.00000   0.00655   0.00409   0.00577   0.00634   0.01272   0.00380   0.00000   0.01023   0.00189   0.00378   0.00189   0.00394   0.00000   2.51834  23.15462  10.47167   0.17130   1.00000  
 49  0.8024   2409.431915  x:  0.00000   0.00000   0.00000   0.00000   0.00000   0.00000   0.00000   0.00000   0.00000   0.00000   0.00000   0.00000   0.00189   0.00000   0.00654   0.00409   0.00577   0.00634   0.01273   0.00380   0.00000   0.01023   0.00189   0.00378   0.00189   0.00394   0.00000   2.51799  24.54802  11.15449   0.17129   1.00000  
 50  0.7315   2409.431914  x:  0.00000   0.00000   0.00000   0.00000   0.00000   0.00000   0.00000   0.00000   0.00000   0.00000   0.00000   0.00000   0.00189   0.00000   0.00654   0.00409   0.00577   0.00634   0.01273   0.00380   0.00000   0.01023   0.00189   0.00378   0.00189   0.00394   0.00000   2.51815  26.76946  12.24304   0.17130   1.00000  
 51  0.7691   2409.431913  x:  0.00000   0.00000   0.00000   0.00000   0.00000   0.00000   0.00000   0.00000   0.00000   0.00000   0.00000   0.00000   0.00189   0.00000   0.00654   0.00409   0.00577   0.00634   0.01273   0.00380   0.00000   0.01023   0.00189   0.00378   0.00189   0.00394   0.00000   2.51805  28.26461  12.97576   0.17130   1.00000  
 52  0.7641   2409.431913  x:  0.00000   0.00000   0.00000   0.00000   0.00000   0.00000   0.00000   0.00000   0.00000   0.00000   0.00000   0.00000   0.00189   0.00000   0.00654   0.00409   0.00577   0.00634   0.01273   0.00380   0.00000   0.01023   0.00189   0.00378   0.00189   0.00394   0.00000   2.51813  29.72948  13.69358   0.17130   1.00000  
 53  0.6722   2409.431913  x:  0.00000   0.00000   0.00000   0.00000   0.00000   0.00000   0.00000   0.00000   0.00000   0.00000   0.00000   0.00000   0.00189   0.00000   0.00654   0.00409   0.00577   0.00634   0.01273   0.00380   0.00000   0.01023   0.00189   0.00378   0.00189   0.00394   0.00000   2.51808  33.27668  15.43185   0.17130   1.00000  
 54  0.9488   2409.431913  x:  0.00000   0.00000   0.00000   0.00000   0.00000   0.00000   0.00000   0.00000   0.00000   0.00000   0.00000   0.00000   0.00189   0.00000   0.00654   0.00409   0.00577   0.00634   0.01273   0.00380   0.00000   0.01023   0.00189   0.00378   0.00189   0.00394   0.00000   2.51810  33.58017  15.58057   0.17130   1.00000  
 55  0.4028   2409.431913  x:  0.00000   0.00000   0.00000   0.00000   0.00000   0.00000   0.00000   0.00000   0.00000   0.00000   0.00000   0.00000   0.00189   0.00000   0.00654   0.00409   0.00577   0.00634   0.01273   0.00380   0.00000   0.01023   0.00189   0.00378   0.00189   0.00394   0.00000   2.51810  33.97167  15.77241   0.17130   1.00000  
 56  0.7528   2409.431913  x:  0.00000   0.00000   0.00000   0.00000   0.00000   0.00000   0.00000   0.00000   0.00000   0.00000   0.00000   0.00000   0.00189   0.00000   0.00654   0.00409   0.00577   0.00634   0.01273   0.00380   0.00000   0.01023   0.00189   0.00378   0.00189   0.00394   0.00000   2.51810  34.67772  16.11840   0.17130   1.00000  
 57  0.9451   2409.431913  x:  0.00000   0.00000   0.00000   0.00000   0.00000   0.00000   0.00000   0.00000   0.00000   0.00000   0.00000   0.00000   0.00189   0.00000   0.00654   0.00409   0.00577   0.00634   0.01273   0.00380   0.00000   0.01023   0.00189   0.00378   0.00189   0.00394   0.00000   2.51811  36.34312  16.93451   0.17130   1.00000  
 58  1.4183   2409.431912  x:  0.00000   0.00000   0.00000   0.00000   0.00000   0.00000   0.00000   0.00000   0.00000   0.00000   0.00000   0.00000   0.00189   0.00000   0.00654   0.00409   0.00577   0.00634   0.01273   0.00380   0.00000   0.01022   0.00189   0.00378   0.00189   0.00394   0.00000   2.51812  46.78474  22.05126   0.17130   1.00000  
 59  3.5960   2409.431912  x:  0.00000   0.00000   0.00000   0.00000   0.00000   0.00000   0.00000   0.00000   0.00000   0.00000   0.00000   0.00000   0.00189   0.00000   0.00654   0.00409   0.00577   0.00634   0.01273   0.00380   0.00000   0.01022   0.00189   0.00378   0.00189   0.00394   0.00000   2.51812  47.22909  22.26901   0.17130   1.00000  
 60 114.4201   2409.431912  x:  0.00000   0.00000   0.00000   0.00000   0.00000   0.00000   0.00000   0.00000   0.00000   0.00000   0.00000   0.00000   0.00189   0.00000   0.00654   0.00409   0.00577   0.00634   0.01273   0.00380   0.00000   0.01022   0.00189   0.00378   0.00189   0.00394   0.00000   2.51808  49.43401  23.34950   0.17130   1.00000  
 61 10.4638   2409.431912  x:  0.00000   0.00000   0.00000   0.00000   0.00000   0.00000   0.00000   0.00000   0.00000   0.00000   0.00000   0.00000   0.00189   0.00000   0.00654   0.00409   0.00577   0.00634   0.01273   0.00380   0.00000   0.01023   0.00189   0.00378   0.00189   0.00394   0.00000   2.51807  46.74318  22.03093   0.17130   1.00000  
 62  3.3059   2409.431912  x:  0.00000   0.00000   0.00000   0.00000   0.00000   0.00000   0.00000   0.00000   0.00000   0.00000   0.00000   0.00000   0.00189   0.00000   0.00654   0.00409   0.00577   0.00634   0.01273   0.00380   0.00000   0.01023   0.00189   0.00378   0.00189   0.00394   0.00000   2.51807  46.77363  22.04585   0.17130   1.00000  
 63  1.9016   2409.431912  x:  0.00000   0.00000   0.00000   0.00000   0.00000   0.00000   0.00000   0.00000   0.00000   0.00000   0.00000   0.00000   0.00189   0.00000   0.00654   0.00409   0.00577   0.00634   0.01273   0.00380   0.00000   0.01023   0.00189   0.00378   0.00189   0.00394   0.00000   2.51807  46.77363  22.04585   0.17130   1.00000  
 64  0.7165   2409.431912  x:  0.00000   0.00000   0.00000   0.00000   0.00000   0.00000   0.00000   0.00000   0.00000   0.00000   0.00000   0.00000   0.00189   0.00000   0.00654   0.00409   0.00577   0.00634   0.01273   0.00380   0.00000   0.01023   0.00189   0.00378   0.00189   0.00394   0.00000   2.51807  46.77363  22.04585   0.17130   1.00000  