Supplemental results for CODEML (seqf: align.phy  treef: tree)


dN/dS (w) for site classes (K=4)

site class             0        1       2a       2b
proportion       0.76471  0.08634  0.13385  0.01511
background w     0.00000  1.00000  0.00000  1.00000
foreground w     0.00000  1.00000  2.76319  2.76319

Naive Empirical Bayes (NEB) probabilities for 4 classes
(amino acids refer to 1st sequence: Cadus)

   1 -   0.78503 0.06602 0.13740 0.01155 ( 1)
   2 -   0.78859 0.06246 0.13802 0.01093 ( 1)
   3 -   0.77167 0.07937 0.13506 0.01389 ( 1)
   4 -   0.78291 0.06814 0.13703 0.01193 ( 1)
   5 *   0.77167 0.07937 0.13506 0.01389 ( 1)
   6 *   0.78503 0.06602 0.13740 0.01155 ( 1)
   7 -   0.77055 0.08050 0.13487 0.01409 ( 1)
   8 -   0.78232 0.06873 0.13693 0.01203 ( 1)
   9 W   0.77440 0.07664 0.13554 0.01341 ( 1)
  10 G   0.77007 0.08097 0.13478 0.01417 ( 1)
  11 L   0.78458 0.06646 0.13732 0.01163 ( 1)
  12 L   0.77364 0.07740 0.13541 0.01355 ( 1)
  13 L   0.77312 0.07792 0.13532 0.01364 ( 1)
  14 V   0.77987 0.07118 0.13650 0.01246 ( 1)
  15 L   0.78348 0.06757 0.13713 0.01183 ( 1)
  16 W   0.77384 0.07720 0.13544 0.01351 ( 1)
  17 G   0.78578 0.06527 0.13753 0.01142 ( 1)
  18 S   0.78234 0.06870 0.13693 0.01203 ( 1)
  19 C   0.78135 0.06969 0.13676 0.01220 ( 1)
  20 T   0.78545 0.06559 0.13747 0.01148 ( 1)
  21 F   0.78409 0.06695 0.13724 0.01172 ( 1)
  22 G   0.77820 0.07284 0.13621 0.01275 ( 1)
  23 L   0.78289 0.06816 0.13703 0.01193 ( 1)
  24 P   0.77002 0.08103 0.13477 0.01418 ( 1)
  25 A   0.77028 0.08076 0.13482 0.01414 ( 1)
  26 D   0.78678 0.06427 0.13771 0.01125 ( 1)
  27 T   0.77645 0.07460 0.13590 0.01306 ( 1)
  28 G   0.76958 0.08146 0.13470 0.01426 ( 1)
  29 A   0.78659 0.06445 0.13767 0.01128 ( 1)
  30 F   0.78409 0.06695 0.13724 0.01172 ( 1)
  31 R   0.77104 0.08000 0.13495 0.01400 ( 1)
  32 R   0.77428 0.07676 0.13552 0.01344 ( 1)
  33 -   0.78973 0.06132 0.13822 0.01073 ( 1)
  34 -   0.78588 0.06517 0.13755 0.01141 ( 1)
  35 -   0.78458 0.06646 0.13732 0.01163 ( 1)
  36 -   0.78043 0.07061 0.13660 0.01236 ( 1)
  37 -   0.77234 0.07871 0.13518 0.01378 ( 1)
  38 -   0.78503 0.06602 0.13740 0.01155 ( 1)
  39 -   0.78354 0.06751 0.13714 0.01182 ( 1)
  40 -   0.78337 0.06767 0.13711 0.01184 ( 1)
  41 -   0.78973 0.06132 0.13822 0.01073 ( 1)
  42 -   0.77522 0.07583 0.13568 0.01327 ( 1)
  43 -   0.77320 0.07785 0.13533 0.01363 ( 1)
  44 -   0.78714 0.06391 0.13777 0.01119 ( 1)
  45 -   0.77364 0.07740 0.13541 0.01355 ( 1)
  46 -   0.78043 0.07061 0.13660 0.01236 ( 1)
  47 -   0.78153 0.06952 0.13679 0.01217 ( 1)
  48 -   0.76748 0.08356 0.13433 0.01463 ( 1)
  49 -   0.78700 0.06405 0.13775 0.01121 ( 1)
  50 -   0.78078 0.07026 0.13666 0.01230 ( 1)
  51 -   0.77384 0.07720 0.13544 0.01351 ( 1)
  52 -   0.78078 0.07026 0.13666 0.01230 ( 1)
  53 -   0.78859 0.06246 0.13802 0.01093 ( 1)
  54 -   0.00000 0.85104 0.00000 0.14896 ( 2)
  55 -   0.77090 0.08014 0.13493 0.01403 ( 1)
  56 -   0.77949 0.07155 0.13643 0.01252 ( 1)
  57 -   0.77230 0.07874 0.13517 0.01378 ( 1)
  58 -   0.78153 0.06952 0.13679 0.01217 ( 1)
  59 -   0.77440 0.07664 0.13554 0.01341 ( 1)
  60 -   0.78771 0.06333 0.13787 0.01109 ( 1)
  61 -   0.77504 0.07600 0.13565 0.01330 ( 1)
  62 -   0.78588 0.06517 0.13755 0.01141 ( 1)
  63 -   0.00001 0.85103 0.00000 0.14895 ( 2)
  64 -   0.78043 0.07061 0.13660 0.01236 ( 1)
  65 -   0.77167 0.07937 0.13506 0.01389 ( 1)
  66 -   0.78458 0.06646 0.13732 0.01163 ( 1)
  67 -   0.78337 0.06767 0.13711 0.01184 ( 1)
  68 -   0.77049 0.08055 0.13486 0.01410 ( 1)
  69 -   0.78700 0.06404 0.13775 0.01121 ( 1)
  70 -   0.78771 0.06333 0.13787 0.01108 ( 1)
  71 -   0.78714 0.06391 0.13777 0.01119 ( 1)
  72 -   0.78735 0.06370 0.13781 0.01115 ( 1)
  73 -   0.78337 0.06767 0.13711 0.01184 ( 1)
  74 -   0.78354 0.06751 0.13714 0.01182 ( 1)
  75 -   0.78078 0.07026 0.13666 0.01230 ( 1)
  76 -   0.78882 0.06223 0.13806 0.01089 ( 1)
  77 -   0.78458 0.06646 0.13732 0.01163 ( 1)
  78 -   0.78735 0.06370 0.13781 0.01115 ( 1)
  79 -   0.78771 0.06333 0.13787 0.01109 ( 1)
  80 -   0.78260 0.06844 0.13698 0.01198 ( 1)
  81 -   0.77364 0.07740 0.13541 0.01355 ( 1)
  82 -   0.77518 0.07586 0.13568 0.01328 ( 1)
  83 -   0.78670 0.06435 0.13769 0.01126 ( 1)
  84 -   0.77343 0.07762 0.13537 0.01359 ( 1)
  85 -   0.78260 0.06844 0.13698 0.01198 ( 1)
  86 -   0.78218 0.06887 0.13690 0.01205 ( 1)
  87 -   0.78700 0.06405 0.13775 0.01121 ( 1)
  88 -   0.78153 0.06952 0.13679 0.01217 ( 1)
  89 -   0.77376 0.07728 0.13543 0.01353 ( 1)
  90 -   0.78700 0.06405 0.13775 0.01121 ( 1)
  91 -   0.78973 0.06132 0.13822 0.01073 ( 1)
  92 -   0.78700 0.06405 0.13775 0.01121 ( 1)
  93 -   0.78735 0.06370 0.13781 0.01115 ( 1)
  94 -   0.76951 0.08153 0.13469 0.01427 ( 1)
  95 -   0.78353 0.06751 0.13714 0.01182 ( 1)
  96 -   0.77504 0.07600 0.13565 0.01330 ( 1)
  97 -   0.78735 0.06370 0.13781 0.01115 ( 1)
  98 -   0.78588 0.06517 0.13755 0.01141 ( 1)
  99 -   0.77234 0.07871 0.13518 0.01378 ( 1)
 100 -   0.78882 0.06223 0.13806 0.01089 ( 1)
 101 -   0.00001 0.85103 0.00000 0.14895 ( 2)
 102 -   0.78588 0.06517 0.13755 0.01141 ( 1)
 103 -   0.78879 0.06226 0.13806 0.01090 ( 1)
 104 -   0.77973 0.07131 0.13647 0.01248 ( 1)
 105 -   0.78700 0.06404 0.13775 0.01121 ( 1)
 106 -   0.77609 0.07495 0.13584 0.01312 ( 1)
 107 -   0.78859 0.06246 0.13802 0.01093 ( 1)
 108 -   0.78771 0.06333 0.13787 0.01108 ( 1)
 109 -   0.78458 0.06646 0.13732 0.01163 ( 1)
 110 -   0.77440 0.07664 0.13554 0.01341 ( 1)
 111 -   0.78078 0.07026 0.13666 0.01230 ( 1)
 112 -   0.78354 0.06751 0.13714 0.01182 ( 1)
 113 -   0.78337 0.06767 0.13711 0.01184 ( 1)
 114 -   0.78735 0.06370 0.13781 0.01115 ( 1)
 115 -   0.00001 0.85103 0.00000 0.14895 ( 2)
 116 -   0.78291 0.06814 0.13703 0.01193 ( 1)
 117 -   0.78714 0.06391 0.13777 0.01119 ( 1)
 118 -   0.77076 0.08029 0.13490 0.01405 ( 1)
 119 -   0.78458 0.06647 0.13732 0.01163 ( 1)
 120 *   0.78260 0.06844 0.13698 0.01198 ( 1)
 121 *   0.77048 0.08056 0.13486 0.01410 ( 1)
 122 A   0.78859 0.06246 0.13802 0.01093 ( 1)
 123 C   0.77094 0.08011 0.13494 0.01402 ( 1)
 124 *   0.78014 0.07090 0.13655 0.01241 ( 1)
 125 -   0.77376 0.07728 0.13543 0.01353 ( 1)
 126 -   0.78385 0.06719 0.13719 0.01176 ( 1)
 127 -   0.78291 0.06814 0.13703 0.01193 ( 1)
 128 -   0.78458 0.06647 0.13732 0.01163 ( 1)
 129 -   0.77023 0.08081 0.13481 0.01414 ( 1)
 130 -   0.78878 0.06226 0.13806 0.01090 ( 1)
 131 *   0.78337 0.06767 0.13711 0.01184 ( 1)
 132 S   0.77609 0.07495 0.13584 0.01312 ( 1)
 133 E   0.77320 0.07785 0.13533 0.01363 ( 1)
 134 S   0.78337 0.06767 0.13711 0.01184 ( 1)
 135 S   0.78337 0.06767 0.13711 0.01184 ( 1)
 136 S   0.78714 0.06391 0.13777 0.01119 ( 1)
 137 Y   0.78260 0.06844 0.13698 0.01198 ( 1)
 138 M   0.78503 0.06602 0.13740 0.01155 ( 1)
 139 E   0.78153 0.06952 0.13679 0.01217 ( 1)
 140 N   0.78771 0.06333 0.13787 0.01109 ( 1)
 141 G   0.77949 0.07155 0.13643 0.01252 ( 1)
 142 T   0.77973 0.07131 0.13647 0.01248 ( 1)
 143 T   0.77048 0.08056 0.13486 0.01410 ( 1)
 144 F   0.78588 0.06517 0.13755 0.01141 ( 1)
 145 T   0.78735 0.06370 0.13781 0.01115 ( 1)
 146 I   0.78973 0.06132 0.13822 0.01073 ( 1)
 147 R   0.78232 0.06873 0.13693 0.01203 ( 1)
 148 Y   0.78260 0.06844 0.13698 0.01198 ( 1)
 149 G   0.77007 0.08097 0.13478 0.01417 ( 1)
 150 S   0.77049 0.08055 0.13486 0.01410 ( 1)
 151 G   0.77949 0.07155 0.13643 0.01252 ( 1)
 152 K   0.78043 0.07061 0.13660 0.01236 ( 1)
 153 V   0.78882 0.06223 0.13806 0.01089 ( 1)
 154 *   0.77234 0.07871 0.13518 0.01378 ( 1)
 155 G   0.78700 0.06404 0.13775 0.01121 ( 1)
 156 -   0.78588 0.06517 0.13755 0.01141 ( 1)
 157 -   0.77364 0.07740 0.13541 0.01355 ( 1)
 158 -   0.78714 0.06391 0.13777 0.01119 ( 1)
 159 -   0.77504 0.07600 0.13565 0.01330 ( 1)
 160 -   0.78878 0.06226 0.13806 0.01090 ( 1)
 161 -   0.78503 0.06602 0.13740 0.01155 ( 1)
 162 -   0.78078 0.07026 0.13666 0.01230 ( 1)
 163 -   0.77186 0.07918 0.13510 0.01386 ( 1)
 164 -   0.78078 0.07026 0.13666 0.01230 ( 1)
 165 -   0.78700 0.06404 0.13775 0.01121 ( 1)
 166 -   0.77007 0.08097 0.13478 0.01417 ( 1)
 167 -   0.78973 0.06132 0.13822 0.01073 ( 1)
 168 -   0.77048 0.08056 0.13486 0.01410 ( 1)
 169 -   0.78078 0.07026 0.13666 0.01230 ( 1)
 170 -   0.77048 0.08056 0.13486 0.01410 ( 1)
 171 *   0.77505 0.07600 0.13565 0.01330 ( 1)
 172 *   0.77973 0.07131 0.13647 0.01248 ( 1)
 173 F   0.77247 0.07857 0.13520 0.01375 ( 1)
 174 G   0.77007 0.08097 0.13478 0.01417 ( 1)
 175 E   0.78153 0.06952 0.13679 0.01217 ( 1)
 176 V   0.78882 0.06223 0.13806 0.01089 ( 1)
 177 T   0.77048 0.08056 0.13486 0.01410 ( 1)
 178 E   0.78153 0.06952 0.13679 0.01217 ( 1)
 179 L   0.77364 0.07740 0.13541 0.01355 ( 1)
 180 P   0.78354 0.06751 0.13714 0.01182 ( 1)
 181 L   0.77364 0.07740 0.13541 0.01355 ( 1)
 182 I   0.77636 0.07468 0.13588 0.01307 ( 1)
 183 P   0.78354 0.06751 0.13714 0.01182 ( 1)
 184 F   0.78588 0.06517 0.13755 0.01141 ( 1)
 185 M   0.78503 0.06602 0.13740 0.01155 ( 1)
 186 L   0.77364 0.07740 0.13541 0.01355 ( 1)
 187 A   0.78859 0.06246 0.13802 0.01093 ( 1)
 188 K   0.78043 0.07061 0.13660 0.01236 ( 1)
 189 F   0.77247 0.07857 0.13520 0.01375 ( 1)
 190 D   0.77384 0.07720 0.13544 0.01351 ( 1)
 191 G   0.77949 0.07155 0.13643 0.01252 ( 1)
 192 V   0.77239 0.07865 0.13519 0.01377 ( 1)
 193 L   0.77364 0.07740 0.13541 0.01355 ( 1)
 194 G   0.78700 0.06404 0.13775 0.01121 ( 1)
 195 M   0.78503 0.06602 0.13740 0.01155 ( 1)
 196 G   0.78700 0.06404 0.13775 0.01121 ( 1)
 197 F   0.78588 0.06517 0.13755 0.01141 ( 1)
 198 P   0.77055 0.08050 0.13487 0.01409 ( 1)
 199 A   0.77084 0.08020 0.13492 0.01404 ( 1)
 200 Q   0.77505 0.07600 0.13565 0.01330 ( 1)
 201 A   0.77230 0.07874 0.13517 0.01378 ( 1)
 202 V   0.77239 0.07865 0.13519 0.01377 ( 1)
 203 G   0.77174 0.07930 0.13508 0.01388 ( 1)
 204 G   0.78217 0.06887 0.13690 0.01206 ( 1)
 205 V   0.78882 0.06223 0.13806 0.01089 ( 1)
 206 T   0.78735 0.06370 0.13781 0.01115 ( 1)
 207 P   0.78354 0.06751 0.13714 0.01182 ( 1)
 208 V   0.78882 0.06223 0.13806 0.01089 ( 1)
 209 F   0.77247 0.07857 0.13520 0.01375 ( 1)
 210 D   0.78879 0.06226 0.13806 0.01090 ( 1)
 211 H   0.78385 0.06719 0.13720 0.01176 ( 1)
 212 I   0.78973 0.06132 0.13822 0.01073 ( 1)
 213 L   0.78458 0.06646 0.13732 0.01163 ( 1)
 214 S   0.78337 0.06767 0.13711 0.01184 ( 1)
 215 Q   0.76991 0.08114 0.13476 0.01420 ( 1)
 216 G   0.77949 0.07155 0.13643 0.01252 ( 1)
 217 V   0.78078 0.07026 0.13666 0.01230 ( 1)
 218 L   0.76832 0.08272 0.13448 0.01448 ( 1)
 219 K   0.78043 0.07061 0.13660 0.01236 ( 1)
 220 E   0.78153 0.06952 0.13679 0.01217 ( 1)
 221 E   0.00001 0.85103 0.00000 0.14895 ( 2)
 222 V   0.77239 0.07865 0.13519 0.01377 ( 1)
 223 F   0.78588 0.06517 0.13755 0.01141 ( 1)
 224 S   0.76870 0.08234 0.13455 0.01441 ( 1)
 225 V   0.78882 0.06223 0.13806 0.01089 ( 1)
 226 Y   0.78260 0.06844 0.13698 0.01198 ( 1)
 227 Y   0.78260 0.06844 0.13698 0.01198 ( 1)
 228 S   0.78714 0.06391 0.13777 0.01119 ( 1)
 229 R   0.77995 0.07109 0.13651 0.01244 ( 1)
 230 N   0.77315 0.07789 0.13532 0.01363 ( 1)
 231 S   0.77049 0.08055 0.13486 0.01410 ( 1)
 232 H   0.78385 0.06719 0.13720 0.01176 ( 1)
 233 L   0.77482 0.07622 0.13562 0.01334 ( 1)
 234 L   0.78437 0.06667 0.13729 0.01167 ( 1)
 235 G   0.77007 0.08097 0.13479 0.01417 ( 1)
 236 G   0.77007 0.08097 0.13479 0.01417 ( 1)
 237 E   0.78153 0.06952 0.13679 0.01217 ( 1)
 238 V   0.78882 0.06223 0.13806 0.01089 ( 1)
 239 *   0.00001 0.85103 0.00000 0.14895 ( 2)
 240 L   0.77482 0.07622 0.13562 0.01334 ( 1)
 241 -   0.77007 0.08097 0.13478 0.01417 ( 1)
 242 -   0.78700 0.06405 0.13775 0.01121 ( 1)
 243 -   0.78714 0.06391 0.13777 0.01119 ( 1)
 244 -   0.78879 0.06226 0.13806 0.01090 ( 1)
 245 -   0.78354 0.06751 0.13714 0.01182 ( 1)
 246 -   0.77504 0.07600 0.13565 0.01330 ( 1)
 247 -   0.77023 0.08081 0.13481 0.01414 ( 1)
 248 -   0.78260 0.06844 0.13698 0.01198 ( 1)
 249 *   0.76991 0.08114 0.13476 0.01420 ( 1)
 250 G   0.77949 0.07155 0.13643 0.01252 ( 1)
 251 N   0.77315 0.07789 0.13532 0.01363 ( 1)
 252 F   0.78588 0.06517 0.13755 0.01141 ( 1)
 253 *   0.78385 0.06719 0.13720 0.01176 ( 1)
 254 Y   0.78261 0.06844 0.13698 0.01198 ( 1)
 255 V   0.78078 0.07026 0.13666 0.01230 ( 1)
 256 S   0.78714 0.06391 0.13777 0.01119 ( 1)
 257 V   0.00000 0.85104 0.00000 0.14896 ( 2)
 258 *   0.78714 0.06391 0.13777 0.01119 ( 1)
 259 -   0.78043 0.07061 0.13660 0.01236 ( 1)
 260 -   0.77186 0.07918 0.13510 0.01386 ( 1)
 261 -   0.77174 0.07930 0.13508 0.01388 ( 1)
 262 *   0.78337 0.06767 0.13711 0.01184 ( 1)
 263 -   0.77440 0.07664 0.13554 0.01341 ( 1)
 264 -   0.77504 0.07600 0.13565 0.01330 ( 1)
 265 -   0.78973 0.06132 0.13822 0.01073 ( 1)
 266 -   0.77234 0.07871 0.13518 0.01378 ( 1)
 267 -   0.78503 0.06602 0.13740 0.01155 ( 1)
 268 -   0.77234 0.07871 0.13518 0.01378 ( 1)
 269 -   0.77949 0.07155 0.13643 0.01252 ( 1)
 270 -   0.78078 0.07026 0.13666 0.01230 ( 1)
 271 -   0.77049 0.08055 0.13486 0.01410 ( 1)
 272 -   0.78078 0.07026 0.13666 0.01230 ( 1)
 273 -   0.77995 0.07109 0.13651 0.01244 ( 1)
 274 -   0.77609 0.07495 0.13584 0.01312 ( 1)
 275 -   0.78859 0.06246 0.13802 0.01093 ( 1)
 276 -   0.78735 0.06370 0.13781 0.01115 ( 1)
 277 -   0.77482 0.07622 0.13562 0.01334 ( 1)
 278 -   0.78817 0.06288 0.13795 0.01101 ( 1)
 279 -   0.77094 0.08011 0.13494 0.01402 ( 1)
 280 -   0.78153 0.06952 0.13679 0.01217 ( 1)
 281 -   0.78153 0.06952 0.13679 0.01217 ( 1)
 282 -   0.78700 0.06404 0.13775 0.01121 ( 1)
 283 -   0.78291 0.06814 0.13703 0.01193 ( 1)
 284 -   0.78503 0.06602 0.13740 0.01155 ( 1)
 285 -   0.77091 0.08013 0.13493 0.01403 ( 1)
 286 -   0.78078 0.07026 0.13666 0.01230 ( 1)
 287 -   0.78882 0.06223 0.13806 0.01089 ( 1)
 288 -   0.77384 0.07720 0.13544 0.01351 ( 1)
 289 -   0.78735 0.06370 0.13781 0.01115 ( 1)
 290 -   0.77174 0.07930 0.13508 0.01388 ( 1)
 291 -   0.77084 0.08020 0.13492 0.01404 ( 1)
 292 -   0.77609 0.07495 0.13584 0.01312 ( 1)
 293 *   0.78260 0.06844 0.13698 0.01198 ( 1)
 294 I   0.78973 0.06132 0.13822 0.01073 ( 1)
 295 S   0.77609 0.07495 0.13584 0.01312 ( 1)
 296 G   0.78700 0.06404 0.13775 0.01121 ( 1)
 297 P   0.78354 0.06751 0.13714 0.01182 ( 1)
 298 T   0.78735 0.06370 0.13781 0.01115 ( 1)
 299 S   0.78714 0.06391 0.13777 0.01119 ( 1)
 300 S   0.78338 0.06767 0.13711 0.01184 ( 1)
 301 L   0.77364 0.07740 0.13541 0.01355 ( 1)
 302 R   0.77995 0.07109 0.13651 0.01244 ( 1)
 303 L   0.77364 0.07740 0.13541 0.01355 ( 1)
 304 L   0.78458 0.06646 0.13732 0.01163 ( 1)
 305 M   0.78503 0.06602 0.13740 0.01155 ( 1)
 306 D   0.78879 0.06226 0.13806 0.01090 ( 1)
 307 T   0.78735 0.06370 0.13781 0.01115 ( 1)
 308 L   0.77364 0.07740 0.13541 0.01355 ( 1)
 309 -   0.77949 0.07155 0.13643 0.01252 ( 1)
 310 *   0.78859 0.06246 0.13802 0.01093 ( 1)
 311 -   0.77504 0.07600 0.13565 0.01330 ( 1)
 312 -   0.78153 0.06952 0.13679 0.01217 ( 1)
 313 -   0.77364 0.07740 0.13541 0.01355 ( 1)
 314 -   0.78714 0.06391 0.13777 0.01119 ( 1)
 315 -   0.77048 0.08057 0.13486 0.01410 ( 1)
 316 -   0.77315 0.07789 0.13532 0.01363 ( 1)
 317 -   0.78153 0.06952 0.13679 0.01217 ( 1)
 318 -   0.78260 0.06844 0.13698 0.01198 ( 1)
 319 -   0.77239 0.07865 0.13519 0.01377 ( 1)
 320 -   0.78078 0.07026 0.13666 0.01230 ( 1)
 321 -   0.78771 0.06333 0.13787 0.01108 ( 1)
 322 -   0.77094 0.08011 0.13494 0.01402 ( 1)
 323 -   0.78771 0.06333 0.13787 0.01108 ( 1)
 324 -   0.77504 0.07600 0.13565 0.01330 ( 1)
 325 -   0.78054 0.07051 0.13661 0.01234 ( 1)
 326 -   0.77036 0.08068 0.13483 0.01412 ( 1)
 327 -   0.77029 0.08075 0.13482 0.01413 ( 1)
 328 -   0.78400 0.06705 0.13722 0.01174 ( 1)
 329 -   0.78298 0.06806 0.13704 0.01191 ( 1)
 330 -   0.78810 0.06295 0.13794 0.01102 ( 1)
 331 -   0.78902 0.06203 0.13810 0.01086 ( 1)
 332 -   0.78282 0.06822 0.13701 0.01194 ( 1)
 333 -   0.78526 0.06578 0.13744 0.01151 ( 1)
 334 -   0.78329 0.06776 0.13710 0.01186 ( 1)
 335 -   0.78400 0.06705 0.13722 0.01174 ( 1)
 336 -   0.76990 0.08114 0.13475 0.01420 ( 1)
 337 -   0.77905 0.07200 0.13635 0.01260 ( 1)
 338 -   0.77145 0.07959 0.13503 0.01393 ( 1)
 339 -   0.78791 0.06314 0.13790 0.01105 ( 1)
 340 -   0.78207 0.06897 0.13688 0.01207 ( 1)
 341 -   0.77029 0.08075 0.13482 0.01413 ( 1)
 342 -   0.77070 0.08034 0.13490 0.01406 ( 1)
 343 -   0.78670 0.06435 0.13769 0.01126 ( 1)
 344 -   0.77956 0.07149 0.13644 0.01251 ( 1)
 345 -   0.00000 0.85104 0.00000 0.14896 ( 2)
 346 -   0.78810 0.06295 0.13794 0.01102 ( 1)
 347 -   0.77006 0.08099 0.13478 0.01418 ( 1)
 348 -   0.78030 0.07075 0.13657 0.01238 ( 1)
 349 -   0.76959 0.08145 0.13470 0.01426 ( 1)
 350 -   0.77472 0.07632 0.13560 0.01336 ( 1)
 351 -   0.77384 0.07720 0.13544 0.01351 ( 1)
 352 -   0.78354 0.06751 0.13714 0.01182 ( 1)
 353 -   0.77023 0.08081 0.13481 0.01414 ( 1)
 354 -   0.77174 0.07930 0.13508 0.01388 ( 1)
 355 -   0.77315 0.07789 0.13532 0.01363 ( 1)
 356 -   0.77320 0.07785 0.13533 0.01363 ( 1)
 357 -   0.78879 0.06226 0.13806 0.01090 ( 1)
 358 -   0.77364 0.07740 0.13541 0.01355 ( 1)
 359 -   0.78291 0.06814 0.13703 0.01193 ( 1)
 360 -   0.78735 0.06370 0.13781 0.01115 ( 1)
 361 *   0.77364 0.07740 0.13541 0.01355 ( 1)
 362 A   0.78859 0.06246 0.13802 0.01093 ( 1)
 363 L   0.78458 0.06646 0.13732 0.01163 ( 1)
 364 H   0.78385 0.06719 0.13720 0.01176 ( 1)
 365 G   0.77174 0.07930 0.13508 0.01388 ( 1)
 366 L   0.77364 0.07740 0.13541 0.01355 ( 1)
 367 D   0.78439 0.06665 0.13729 0.01167 ( 1)
 368 V   0.78882 0.06223 0.13806 0.01089 ( 1)
 369 P   0.76941 0.08163 0.13467 0.01429 ( 1)
 370 P   0.77709 0.07396 0.13601 0.01294 ( 1)
 371 P   0.78354 0.06751 0.13714 0.01182 ( 1)
 372 T   0.77186 0.07918 0.13510 0.01386 ( 1)
 373 G   0.77949 0.07155 0.13643 0.01252 ( 1)
 374 P   0.77055 0.08050 0.13487 0.01409 ( 1)
 375 V   0.78882 0.06223 0.13806 0.01089 ( 1)
 376 W   0.77440 0.07664 0.13554 0.01341 ( 1)
 377 V   0.78721 0.06384 0.13778 0.01117 ( 1)
 378 L   0.77364 0.07740 0.13541 0.01355 ( 1)
 379 G   0.78700 0.06404 0.13775 0.01121 ( 1)
 380 A   0.78859 0.06246 0.13802 0.01093 ( 1)
 381 S   0.78714 0.06391 0.13777 0.01119 ( 1)
 382 F   0.78588 0.06517 0.13755 0.01141 ( 1)
 383 I   0.78973 0.06132 0.13822 0.01073 ( 1)
 384 R   0.78232 0.06873 0.13693 0.01203 ( 1)
 385 K   0.78043 0.07061 0.13660 0.01236 ( 1)
 386 F   0.78588 0.06517 0.13755 0.01141 ( 1)
 387 Y   0.78260 0.06844 0.13698 0.01198 ( 1)
 388 T   0.77973 0.07131 0.13647 0.01248 ( 1)
 389 E   0.78153 0.06952 0.13679 0.01217 ( 1)
 390 F   0.77247 0.07857 0.13520 0.01375 ( 1)
 391 D   0.77384 0.07720 0.13544 0.01351 ( 1)
 392 R   0.77522 0.07583 0.13568 0.01327 ( 1)
 393 H   0.77161 0.07944 0.13505 0.01390 ( 1)
 394 N   0.78771 0.06333 0.13787 0.01109 ( 1)
 395 N   0.77446 0.07658 0.13555 0.01340 ( 1)
 396 R   0.78099 0.07006 0.13669 0.01226 ( 1)
 397 I   0.77376 0.07728 0.13543 0.01353 ( 1)
 398 G   0.78700 0.06405 0.13775 0.01121 ( 1)
 399 F   0.77247 0.07857 0.13520 0.01375 ( 1)
 400 A   0.78859 0.06246 0.13802 0.01093 ( 1)
 401 L   0.77482 0.07622 0.13561 0.01334 ( 1)
 402 A   0.78859 0.06246 0.13802 0.01093 ( 1)
 403 R   0.78231 0.06873 0.13693 0.01203 ( 1)
 404 -   0.76471 0.08634 0.13385 0.01511 ( 1)


lnL = -1822.833413

Bayes Empirical Bayes (BEB) probabilities for 4 classes (class)
(amino acids refer to 1st sequence: Cadus)

   1 -   0.63091 0.04190 0.30468 0.02251 ( 1)
   2 -   0.63306 0.03975 0.30583 0.02136 ( 1)
   3 -   0.62287 0.04993 0.30039 0.02681 ( 1)
   4 -   0.62963 0.04318 0.30400 0.02320 ( 1)
   5 *   0.62287 0.04993 0.30039 0.02681 ( 1)
   6 *   0.63091 0.04190 0.30468 0.02251 ( 1)
   7 -   0.62219 0.05061 0.30003 0.02717 ( 1)
   8 -   0.62927 0.04353 0.30381 0.02339 ( 1)
   9 W   0.62451 0.04829 0.30127 0.02593 ( 1)
  10 G   0.62191 0.05089 0.29988 0.02732 ( 1)
  11 L   0.63064 0.04217 0.30454 0.02266 ( 1)
  12 L   0.62405 0.04875 0.30102 0.02618 ( 1)
  13 L   0.62374 0.04906 0.30086 0.02634 ( 1)
  14 V   0.62779 0.04501 0.30302 0.02418 ( 1)
  15 L   0.62997 0.04283 0.30418 0.02301 ( 1)
  16 W   0.62417 0.04863 0.30109 0.02611 ( 1)
  17 G   0.63136 0.04145 0.30492 0.02227 ( 1)
  18 S   0.62928 0.04352 0.30382 0.02338 ( 1)
  19 C   0.62869 0.04411 0.30350 0.02370 ( 1)
  20 T   0.63116 0.04164 0.30482 0.02238 ( 1)
  21 F   0.63034 0.04246 0.30438 0.02282 ( 1)
  22 G   0.62679 0.04601 0.30248 0.02471 ( 1)
  23 L   0.62961 0.04319 0.30399 0.02320 ( 1)
  24 P   0.62188 0.05092 0.29986 0.02734 ( 1)
  25 A   0.62204 0.05076 0.29995 0.02725 ( 1)
  26 D   0.63196 0.04084 0.30525 0.02195 ( 1)
  27 T   0.62574 0.04706 0.30192 0.02528 ( 1)
  28 G   0.62162 0.05118 0.29973 0.02748 ( 1)
  29 A   0.63185 0.04096 0.30519 0.02201 ( 1)
  30 F   0.63034 0.04246 0.30438 0.02282 ( 1)
  31 R   0.62249 0.05031 0.30019 0.02701 ( 1)
  32 R   0.62443 0.04837 0.30123 0.02597 ( 1)
  33 -   0.63375 0.03906 0.30620 0.02099 ( 1)
  34 -   0.63142 0.04139 0.30496 0.02224 ( 1)
  35 -   0.63064 0.04217 0.30454 0.02266 ( 1)
  36 -   0.62813 0.04467 0.30320 0.02399 ( 1)
  37 -   0.62327 0.04953 0.30061 0.02659 ( 1)
  38 -   0.63091 0.04190 0.30468 0.02251 ( 1)
  39 -   0.63001 0.04280 0.30420 0.02299 ( 1)
  40 -   0.62991 0.04290 0.30415 0.02305 ( 1)
  41 -   0.63375 0.03906 0.30620 0.02099 ( 1)
  42 -   0.62500 0.04780 0.30153 0.02567 ( 1)
  43 -   0.62378 0.04902 0.30088 0.02632 ( 1)
  44 -   0.63218 0.04062 0.30536 0.02183 ( 1)
  45 -   0.62405 0.04875 0.30102 0.02618 ( 1)
  46 -   0.62813 0.04467 0.30320 0.02399 ( 1)
  47 -   0.62879 0.04401 0.30356 0.02364 ( 1)
  48 -   0.62036 0.05244 0.29905 0.02815 ( 1)
  49 -   0.63210 0.04071 0.30532 0.02188 ( 1)
  50 -   0.62834 0.04446 0.30332 0.02388 ( 1)
  51 -   0.62417 0.04863 0.30109 0.02611 ( 1)
  52 -   0.62834 0.04446 0.30332 0.02388 ( 1)
  53 -   0.63306 0.03975 0.30583 0.02136 ( 1)
  54 -   0.02922 0.64358 0.01209 0.31511 ( 2)
  55 -   0.62241 0.05039 0.30015 0.02705 ( 1)
  56 -   0.62757 0.04523 0.30290 0.02430 ( 1)
  57 -   0.62325 0.04955 0.30059 0.02661 ( 1)
  58 -   0.62879 0.04401 0.30356 0.02364 ( 1)
  59 -   0.62451 0.04829 0.30127 0.02593 ( 1)
  60 -   0.63253 0.04028 0.30555 0.02164 ( 1)
  61 -   0.62489 0.04791 0.30147 0.02573 ( 1)
  62 -   0.63142 0.04139 0.30496 0.02224 ( 1)
  63 -   0.31369 0.35911 0.14194 0.18525 ( 2)
  64 -   0.62813 0.04467 0.30320 0.02399 ( 1)
  65 -   0.62287 0.04993 0.30039 0.02681 ( 1)
  66 -   0.63064 0.04217 0.30454 0.02266 ( 1)
  67 -   0.62991 0.04289 0.30415 0.02305 ( 1)
  68 -   0.62216 0.05064 0.30002 0.02719 ( 1)
  69 -   0.63210 0.04071 0.30532 0.02188 ( 1)
  70 -   0.63253 0.04028 0.30555 0.02164 ( 1)
  71 -   0.63218 0.04062 0.30536 0.02183 ( 1)
  72 -   0.63231 0.04050 0.30543 0.02176 ( 1)
  73 -   0.62991 0.04290 0.30415 0.02305 ( 1)
  74 -   0.63001 0.04280 0.30420 0.02299 ( 1)
  75 -   0.62834 0.04446 0.30332 0.02388 ( 1)
  76 -   0.63320 0.03961 0.30591 0.02129 ( 1)
  77 -   0.63064 0.04217 0.30454 0.02266 ( 1)
  78 -   0.63231 0.04050 0.30543 0.02176 ( 1)
  79 -   0.63253 0.04028 0.30555 0.02164 ( 1)
  80 -   0.62944 0.04336 0.30390 0.02329 ( 1)
  81 -   0.62405 0.04875 0.30102 0.02618 ( 1)
  82 -   0.62497 0.04783 0.30152 0.02568 ( 1)
  83 -   0.63191 0.04089 0.30522 0.02197 ( 1)
  84 -   0.62392 0.04888 0.30095 0.02625 ( 1)
  85 -   0.62944 0.04336 0.30390 0.02329 ( 1)
  86 -   0.62919 0.04362 0.30376 0.02343 ( 1)
  87 -   0.63210 0.04071 0.30532 0.02188 ( 1)
  88 -   0.62879 0.04401 0.30356 0.02364 ( 1)
  89 -   0.62412 0.04868 0.30106 0.02614 ( 1)
  90 -   0.63210 0.04071 0.30532 0.02188 ( 1)
  91 -   0.63375 0.03906 0.30620 0.02099 ( 1)
  92 -   0.63210 0.04071 0.30532 0.02188 ( 1)
  93 -   0.63231 0.04050 0.30543 0.02176 ( 1)
  94 -   0.62158 0.05122 0.29970 0.02750 ( 1)
  95 -   0.63000 0.04280 0.30420 0.02300 ( 1)
  96 -   0.62489 0.04791 0.30147 0.02573 ( 1)
  97 -   0.63231 0.04050 0.30543 0.02176 ( 1)
  98 -   0.63142 0.04139 0.30496 0.02224 ( 1)
  99 -   0.62327 0.04953 0.30061 0.02659 ( 1)
 100 -   0.63320 0.03961 0.30591 0.02129 ( 1)
 101 -   0.31766 0.35515 0.14388 0.18332 ( 2)
 102 -   0.63142 0.04139 0.30496 0.02224 ( 1)
 103 -   0.63318 0.03963 0.30590 0.02130 ( 1)
 104 -   0.62771 0.04509 0.30298 0.02422 ( 1)
 105 -   0.63210 0.04071 0.30532 0.02188 ( 1)
 106 -   0.62552 0.04728 0.30181 0.02539 ( 1)
 107 -   0.63306 0.03975 0.30583 0.02136 ( 1)
 108 -   0.63253 0.04028 0.30555 0.02164 ( 1)
 109 -   0.63064 0.04217 0.30454 0.02266 ( 1)
 110 -   0.62451 0.04829 0.30127 0.02593 ( 1)
 111 -   0.62834 0.04446 0.30332 0.02388 ( 1)
 112 -   0.63001 0.04280 0.30420 0.02299 ( 1)
 113 -   0.62991 0.04289 0.30415 0.02305 ( 1)
 114 -   0.63231 0.04050 0.30543 0.02176 ( 1)
 115 -   0.29461 0.37819 0.13270 0.19450 ( 2)
 116 -   0.62963 0.04318 0.30400 0.02320 ( 1)
 117 -   0.63218 0.04062 0.30536 0.02183 ( 1)
 118 -   0.62232 0.05048 0.30010 0.02710 ( 1)
 119 -   0.63064 0.04217 0.30454 0.02266 ( 1)
 120 *   0.62944 0.04336 0.30390 0.02329 ( 1)
 121 *   0.62215 0.05065 0.30001 0.02719 ( 1)
 122 A   0.63306 0.03975 0.30583 0.02136 ( 1)
 123 C   0.62243 0.05037 0.30016 0.02704 ( 1)
 124 *   0.62796 0.04484 0.30311 0.02409 ( 1)
 125 -   0.62412 0.04868 0.30106 0.02614 ( 1)
 126 -   0.63020 0.04261 0.30430 0.02289 ( 1)
 127 -   0.62963 0.04318 0.30400 0.02320 ( 1)
 128 -   0.63064 0.04217 0.30454 0.02266 ( 1)
 129 -   0.62201 0.05079 0.29993 0.02727 ( 1)
 130 -   0.63318 0.03963 0.30590 0.02130 ( 1)
 131 *   0.62991 0.04290 0.30415 0.02305 ( 1)
 132 S   0.62552 0.04728 0.30181 0.02539 ( 1)
 133 E   0.62378 0.04902 0.30088 0.02632 ( 1)
 134 S   0.62991 0.04290 0.30415 0.02305 ( 1)
 135 S   0.62991 0.04289 0.30415 0.02305 ( 1)
 136 S   0.63218 0.04062 0.30536 0.02183 ( 1)
 137 Y   0.62944 0.04336 0.30390 0.02329 ( 1)
 138 M   0.63091 0.04190 0.30468 0.02251 ( 1)
 139 E   0.62879 0.04401 0.30356 0.02364 ( 1)
 140 N   0.63253 0.04028 0.30555 0.02165 ( 1)
 141 G   0.62757 0.04523 0.30290 0.02430 ( 1)
 142 T   0.62771 0.04509 0.30298 0.02422 ( 1)
 143 T   0.62215 0.05065 0.30001 0.02719 ( 1)
 144 F   0.63142 0.04138 0.30496 0.02224 ( 1)
 145 T   0.63231 0.04050 0.30543 0.02176 ( 1)
 146 I   0.63375 0.03906 0.30620 0.02099 ( 1)
 147 R   0.62927 0.04353 0.30381 0.02339 ( 1)
 148 Y   0.62944 0.04336 0.30390 0.02329 ( 1)
 149 G   0.62191 0.05089 0.29988 0.02732 ( 1)
 150 S   0.62216 0.05064 0.30002 0.02719 ( 1)
 151 G   0.62757 0.04523 0.30290 0.02430 ( 1)
 152 K   0.62813 0.04467 0.30320 0.02399 ( 1)
 153 V   0.63320 0.03961 0.30591 0.02129 ( 1)
 154 *   0.62327 0.04953 0.30061 0.02659 ( 1)
 155 G   0.63210 0.04071 0.30532 0.02188 ( 1)
 156 -   0.63142 0.04139 0.30496 0.02224 ( 1)
 157 -   0.62405 0.04875 0.30102 0.02618 ( 1)
 158 -   0.63218 0.04062 0.30536 0.02183 ( 1)
 159 -   0.62489 0.04791 0.30147 0.02573 ( 1)
 160 -   0.63318 0.03963 0.30590 0.02130 ( 1)
 161 -   0.63091 0.04190 0.30468 0.02251 ( 1)
 162 -   0.62834 0.04446 0.30332 0.02388 ( 1)
 163 -   0.62298 0.04982 0.30045 0.02675 ( 1)
 164 -   0.62834 0.04446 0.30332 0.02388 ( 1)
 165 -   0.63210 0.04071 0.30532 0.02188 ( 1)
 166 -   0.62191 0.05089 0.29988 0.02732 ( 1)
 167 -   0.63375 0.03906 0.30620 0.02099 ( 1)
 168 -   0.62215 0.05065 0.30001 0.02719 ( 1)
 169 -   0.62834 0.04446 0.30332 0.02388 ( 1)
 170 -   0.62215 0.05065 0.30001 0.02719 ( 1)
 171 *   0.62489 0.04791 0.30147 0.02573 ( 1)
 172 *   0.62771 0.04509 0.30298 0.02422 ( 1)
 173 F   0.62335 0.04945 0.30065 0.02655 ( 1)
 174 G   0.62191 0.05089 0.29988 0.02732 ( 1)
 175 E   0.62879 0.04401 0.30356 0.02364 ( 1)
 176 V   0.63320 0.03961 0.30591 0.02129 ( 1)
 177 T   0.62215 0.05064 0.30001 0.02719 ( 1)
 178 E   0.62880 0.04401 0.30356 0.02364 ( 1)
 179 L   0.62405 0.04875 0.30102 0.02618 ( 1)
 180 P   0.63001 0.04280 0.30420 0.02299 ( 1)
 181 L   0.62405 0.04875 0.30102 0.02618 ( 1)
 182 I   0.62568 0.04712 0.30190 0.02530 ( 1)
 183 P   0.63001 0.04280 0.30420 0.02299 ( 1)
 184 F   0.63142 0.04138 0.30496 0.02224 ( 1)
 185 M   0.63091 0.04190 0.30468 0.02251 ( 1)
 186 L   0.62405 0.04875 0.30102 0.02618 ( 1)
 187 A   0.63306 0.03975 0.30583 0.02136 ( 1)
 188 K   0.62814 0.04467 0.30320 0.02399 ( 1)
 189 F   0.62335 0.04945 0.30065 0.02655 ( 1)
 190 D   0.62417 0.04863 0.30109 0.02611 ( 1)
 191 G   0.62757 0.04523 0.30290 0.02430 ( 1)
 192 V   0.62330 0.04950 0.30062 0.02658 ( 1)
 193 L   0.62405 0.04875 0.30102 0.02618 ( 1)
 194 G   0.63210 0.04071 0.30532 0.02187 ( 1)
 195 M   0.63091 0.04190 0.30468 0.02251 ( 1)
 196 G   0.63210 0.04071 0.30532 0.02187 ( 1)
 197 F   0.63142 0.04138 0.30496 0.02224 ( 1)
 198 P   0.62219 0.05060 0.30003 0.02717 ( 1)
 199 A   0.62237 0.05043 0.30013 0.02707 ( 1)
 200 Q   0.62489 0.04791 0.30147 0.02573 ( 1)
 201 A   0.62325 0.04955 0.30059 0.02661 ( 1)
 202 V   0.62330 0.04950 0.30062 0.02658 ( 1)
 203 G   0.62291 0.04989 0.30042 0.02679 ( 1)
 204 G   0.62918 0.04362 0.30376 0.02344 ( 1)
 205 V   0.63320 0.03961 0.30591 0.02129 ( 1)
 206 T   0.63231 0.04050 0.30543 0.02176 ( 1)
 207 P   0.63001 0.04280 0.30420 0.02299 ( 1)
 208 V   0.63320 0.03961 0.30591 0.02129 ( 1)
 209 F   0.62335 0.04945 0.30065 0.02655 ( 1)
 210 D   0.63318 0.03963 0.30590 0.02130 ( 1)
 211 H   0.63020 0.04261 0.30430 0.02289 ( 1)
 212 I   0.63375 0.03906 0.30620 0.02099 ( 1)
 213 L   0.63064 0.04217 0.30454 0.02266 ( 1)
 214 S   0.62991 0.04289 0.30415 0.02305 ( 1)
 215 Q   0.62181 0.05099 0.29983 0.02737 ( 1)
 216 G   0.62757 0.04523 0.30290 0.02430 ( 1)
 217 V   0.62835 0.04446 0.30332 0.02388 ( 1)
 218 L   0.62086 0.05194 0.29932 0.02788 ( 1)
 219 K   0.62813 0.04467 0.30320 0.02399 ( 1)
 220 E   0.62880 0.04401 0.30356 0.02364 ( 1)
 221 E   0.29474 0.37806 0.13276 0.19444 ( 2)
 222 V   0.62330 0.04950 0.30062 0.02658 ( 1)
 223 F   0.63142 0.04139 0.30496 0.02224 ( 1)
 224 S   0.62109 0.05171 0.29944 0.02776 ( 1)
 225 V   0.63320 0.03961 0.30591 0.02129 ( 1)
 226 Y   0.62944 0.04336 0.30390 0.02329 ( 1)
 227 Y   0.62944 0.04336 0.30390 0.02329 ( 1)
 228 S   0.63218 0.04062 0.30536 0.02183 ( 1)
 229 R   0.62784 0.04496 0.30305 0.02415 ( 1)
 230 N   0.62376 0.04904 0.30087 0.02633 ( 1)
 231 S   0.62216 0.05064 0.30002 0.02719 ( 1)
 232 H   0.63020 0.04261 0.30430 0.02289 ( 1)
 233 L   0.62476 0.04804 0.30140 0.02580 ( 1)
 234 L   0.63051 0.04229 0.30447 0.02272 ( 1)
 235 G   0.62191 0.05089 0.29988 0.02732 ( 1)
 236 G   0.62191 0.05089 0.29988 0.02732 ( 1)
 237 E   0.62880 0.04401 0.30356 0.02364 ( 1)
 238 V   0.63320 0.03961 0.30591 0.02129 ( 1)
 239 *   0.30724 0.36556 0.13881 0.18839 ( 2)
 240 L   0.62476 0.04804 0.30140 0.02580 ( 1)
 241 -   0.62191 0.05089 0.29988 0.02732 ( 1)
 242 -   0.63210 0.04071 0.30532 0.02188 ( 1)
 243 -   0.63218 0.04062 0.30536 0.02183 ( 1)
 244 -   0.63318 0.03963 0.30590 0.02130 ( 1)
 245 -   0.63001 0.04280 0.30420 0.02299 ( 1)
 246 -   0.62489 0.04791 0.30147 0.02573 ( 1)
 247 -   0.62201 0.05079 0.29993 0.02727 ( 1)
 248 -   0.62944 0.04336 0.30390 0.02329 ( 1)
 249 *   0.62181 0.05099 0.29983 0.02737 ( 1)
 250 G   0.62757 0.04523 0.30290 0.02430 ( 1)
 251 N   0.62376 0.04904 0.30087 0.02633 ( 1)
 252 F   0.63142 0.04138 0.30496 0.02224 ( 1)
 253 *   0.63020 0.04261 0.30430 0.02289 ( 1)
 254 Y   0.62944 0.04336 0.30390 0.02329 ( 1)
 255 V   0.62835 0.04446 0.30332 0.02388 ( 1)
 256 S   0.63218 0.04062 0.30537 0.02183 ( 1)
 257 V   0.03343 0.63937 0.01387 0.31333 ( 2)
 258 *   0.63218 0.04062 0.30536 0.02183 ( 1)
 259 -   0.62813 0.04467 0.30320 0.02399 ( 1)
 260 -   0.62298 0.04982 0.30045 0.02675 ( 1)
 261 -   0.62291 0.04989 0.30042 0.02679 ( 1)
 262 *   0.62991 0.04289 0.30415 0.02305 ( 1)
 263 -   0.62451 0.04829 0.30127 0.02593 ( 1)
 264 -   0.62489 0.04791 0.30147 0.02573 ( 1)
 265 -   0.63375 0.03906 0.30620 0.02099 ( 1)
 266 -   0.62327 0.04953 0.30061 0.02659 ( 1)
 267 -   0.63091 0.04190 0.30468 0.02251 ( 1)
 268 -   0.62327 0.04953 0.30061 0.02659 ( 1)
 269 -   0.62757 0.04523 0.30290 0.02430 ( 1)
 270 -   0.62834 0.04446 0.30332 0.02388 ( 1)
 271 -   0.62216 0.05064 0.30002 0.02719 ( 1)
 272 -   0.62834 0.04446 0.30332 0.02388 ( 1)
 273 -   0.62784 0.04496 0.30305 0.02415 ( 1)
 274 -   0.62552 0.04728 0.30181 0.02539 ( 1)
 275 -   0.63306 0.03975 0.30583 0.02136 ( 1)
 276 -   0.63231 0.04050 0.30543 0.02176 ( 1)
 277 -   0.62476 0.04804 0.30140 0.02580 ( 1)
 278 -   0.63280 0.04000 0.30570 0.02150 ( 1)
 279 -   0.62243 0.05037 0.30016 0.02704 ( 1)
 280 -   0.62880 0.04401 0.30356 0.02364 ( 1)
 281 -   0.62880 0.04401 0.30356 0.02364 ( 1)
 282 -   0.63210 0.04071 0.30532 0.02188 ( 1)
 283 -   0.62963 0.04318 0.30400 0.02320 ( 1)
 284 -   0.63091 0.04190 0.30468 0.02251 ( 1)
 285 -   0.62241 0.05039 0.30015 0.02705 ( 1)
 286 -   0.62834 0.04446 0.30332 0.02388 ( 1)
 287 -   0.63320 0.03961 0.30591 0.02129 ( 1)
 288 -   0.62417 0.04863 0.30109 0.02611 ( 1)
 289 -   0.63231 0.04050 0.30543 0.02176 ( 1)
 290 -   0.62291 0.04989 0.30042 0.02679 ( 1)
 291 -   0.62237 0.05043 0.30013 0.02707 ( 1)
 292 -   0.62552 0.04728 0.30181 0.02539 ( 1)
 293 *   0.62944 0.04336 0.30390 0.02329 ( 1)
 294 I   0.63375 0.03906 0.30620 0.02099 ( 1)
 295 S   0.62552 0.04728 0.30181 0.02539 ( 1)
 296 G   0.63210 0.04071 0.30532 0.02187 ( 1)
 297 P   0.63001 0.04280 0.30420 0.02299 ( 1)
 298 T   0.63231 0.04050 0.30543 0.02176 ( 1)
 299 S   0.63218 0.04062 0.30537 0.02183 ( 1)
 300 S   0.62991 0.04289 0.30415 0.02305 ( 1)
 301 L   0.62405 0.04875 0.30102 0.02618 ( 1)
 302 R   0.62784 0.04496 0.30305 0.02415 ( 1)
 303 L   0.62405 0.04875 0.30102 0.02618 ( 1)
 304 L   0.63064 0.04217 0.30454 0.02266 ( 1)
 305 M   0.63091 0.04190 0.30468 0.02251 ( 1)
 306 D   0.63318 0.03963 0.30590 0.02130 ( 1)
 307 T   0.63231 0.04050 0.30543 0.02176 ( 1)
 308 L   0.62405 0.04875 0.30102 0.02618 ( 1)
 309 -   0.62757 0.04523 0.30290 0.02430 ( 1)
 310 *   0.63306 0.03975 0.30583 0.02136 ( 1)
 311 -   0.62489 0.04791 0.30147 0.02573 ( 1)
 312 -   0.62879 0.04401 0.30356 0.02364 ( 1)
 313 -   0.62405 0.04875 0.30102 0.02618 ( 1)
 314 -   0.63218 0.04062 0.30536 0.02183 ( 1)
 315 -   0.62215 0.05065 0.30001 0.02719 ( 1)
 316 -   0.62376 0.04904 0.30087 0.02633 ( 1)
 317 -   0.62879 0.04401 0.30355 0.02364 ( 1)
 318 -   0.62944 0.04336 0.30390 0.02329 ( 1)
 319 -   0.62330 0.04950 0.30062 0.02658 ( 1)
 320 -   0.62834 0.04446 0.30332 0.02388 ( 1)
 321 -   0.63253 0.04028 0.30555 0.02164 ( 1)
 322 -   0.62243 0.05037 0.30016 0.02704 ( 1)
 323 -   0.63253 0.04028 0.30555 0.02164 ( 1)
 324 -   0.62489 0.04791 0.30147 0.02573 ( 1)
 325 -   0.62820 0.04461 0.30324 0.02396 ( 1)
 326 -   0.62208 0.05072 0.29997 0.02723 ( 1)
 327 -   0.62204 0.05076 0.29995 0.02725 ( 1)
 328 -   0.63028 0.04252 0.30435 0.02285 ( 1)
 329 -   0.62967 0.04313 0.30402 0.02317 ( 1)
 330 -   0.63276 0.04004 0.30567 0.02152 ( 1)
 331 -   0.63332 0.03949 0.30597 0.02122 ( 1)
 332 -   0.62958 0.04323 0.30397 0.02322 ( 1)
 333 -   0.63105 0.04176 0.30476 0.02244 ( 1)
 334 -   0.62986 0.04295 0.30412 0.02307 ( 1)
 335 -   0.63028 0.04252 0.30435 0.02285 ( 1)
 336 -   0.62181 0.05099 0.29983 0.02737 ( 1)
 337 -   0.62730 0.04550 0.30276 0.02444 ( 1)
 338 -   0.62274 0.05006 0.30032 0.02688 ( 1)
 339 -   0.63265 0.04016 0.30561 0.02158 ( 1)
 340 -   0.62912 0.04368 0.30373 0.02347 ( 1)
 341 -   0.62204 0.05076 0.29995 0.02725 ( 1)
 342 -   0.62229 0.05051 0.30008 0.02712 ( 1)
 343 -   0.63191 0.04089 0.30522 0.02197 ( 1)
 344 -   0.62761 0.04519 0.30292 0.02428 ( 1)
 345 -   0.00016 0.67264 0.00006 0.32714 ( 2)
 346 -   0.63276 0.04004 0.30567 0.02152 ( 1)
 347 -   0.62190 0.05090 0.29988 0.02733 ( 1)
 348 -   0.62805 0.04475 0.30316 0.02404 ( 1)
 349 -   0.62162 0.05118 0.29973 0.02747 ( 1)
 350 -   0.62470 0.04810 0.30137 0.02583 ( 1)
 351 -   0.62417 0.04863 0.30109 0.02611 ( 1)
 352 -   0.63001 0.04280 0.30420 0.02299 ( 1)
 353 -   0.62201 0.05079 0.29993 0.02727 ( 1)
 354 -   0.62291 0.04989 0.30042 0.02679 ( 1)
 355 -   0.62376 0.04904 0.30087 0.02633 ( 1)
 356 -   0.62378 0.04902 0.30088 0.02632 ( 1)
 357 -   0.63318 0.03963 0.30590 0.02130 ( 1)
 358 -   0.62405 0.04875 0.30102 0.02618 ( 1)
 359 -   0.62963 0.04318 0.30400 0.02320 ( 1)
 360 -   0.63231 0.04050 0.30543 0.02176 ( 1)
 361 *   0.62405 0.04875 0.30102 0.02618 ( 1)
 362 A   0.63306 0.03975 0.30583 0.02136 ( 1)
 363 L   0.63064 0.04217 0.30454 0.02266 ( 1)
 364 H   0.63020 0.04261 0.30430 0.02289 ( 1)
 365 G   0.62291 0.04989 0.30042 0.02679 ( 1)
 366 L   0.62405 0.04875 0.30102 0.02618 ( 1)
 367 D   0.63052 0.04228 0.30448 0.02272 ( 1)
 368 V   0.63320 0.03961 0.30591 0.02129 ( 1)
 369 P   0.62151 0.05128 0.29967 0.02753 ( 1)
 370 P   0.62612 0.04668 0.30213 0.02507 ( 1)
 371 P   0.63001 0.04280 0.30420 0.02299 ( 1)
 372 T   0.62298 0.04982 0.30045 0.02675 ( 1)
 373 G   0.62757 0.04523 0.30290 0.02430 ( 1)
 374 P   0.62219 0.05060 0.30003 0.02717 ( 1)
 375 V   0.63320 0.03961 0.30591 0.02129 ( 1)
 376 W   0.62451 0.04829 0.30127 0.02593 ( 1)
 377 V   0.63222 0.04058 0.30539 0.02181 ( 1)
 378 L   0.62405 0.04875 0.30102 0.02618 ( 1)
 379 G   0.63210 0.04071 0.30532 0.02188 ( 1)
 380 A   0.63306 0.03975 0.30583 0.02136 ( 1)
 381 S   0.63218 0.04062 0.30536 0.02183 ( 1)
 382 F   0.63142 0.04139 0.30496 0.02224 ( 1)
 383 I   0.63375 0.03906 0.30620 0.02099 ( 1)
 384 R   0.62927 0.04353 0.30381 0.02339 ( 1)
 385 K   0.62813 0.04467 0.30320 0.02399 ( 1)
 386 F   0.63142 0.04139 0.30496 0.02224 ( 1)
 387 Y   0.62944 0.04336 0.30390 0.02329 ( 1)
 388 T   0.62771 0.04509 0.30298 0.02422 ( 1)
 389 E   0.62879 0.04401 0.30356 0.02364 ( 1)
 390 F   0.62335 0.04945 0.30065 0.02655 ( 1)
 391 D   0.62417 0.04863 0.30109 0.02611 ( 1)
 392 R   0.62500 0.04780 0.30153 0.02567 ( 1)
 393 H   0.62283 0.04997 0.30037 0.02683 ( 1)
 394 N   0.63253 0.04028 0.30555 0.02165 ( 1)
 395 N   0.62454 0.04826 0.30129 0.02592 ( 1)
 396 R   0.62847 0.04433 0.30338 0.02382 ( 1)
 397 I   0.62412 0.04868 0.30106 0.02614 ( 1)
 398 G   0.63210 0.04071 0.30532 0.02188 ( 1)
 399 F   0.62335 0.04945 0.30065 0.02655 ( 1)
 400 A   0.63306 0.03975 0.30583 0.02136 ( 1)
 401 L   0.62476 0.04804 0.30140 0.02580 ( 1)
 402 A   0.63306 0.03975 0.30583 0.02136 ( 1)
 403 R   0.62927 0.04353 0.30381 0.02339 ( 1)
 404 -   0.61870 0.05410 0.29817 0.02904 ( 1)

