

TREE # 1

  0  0.0000   1844.044035  x:  0.00096   0.00150   0.00011   0.00161   0.00242   0.00115   0.00077   0.00271   0.00626   0.00177   0.00252   0.00445   0.00128   0.00205   0.00317   0.00175   0.00223   0.01391   0.01484   0.00668   0.00000   0.00590   0.00843   0.00733   0.00273   0.00382   0.00293   3.00000   1.06785   0.02279   0.29226   2.76325  
  1 99.0000   1844.038209  x:  0.00096   0.00150   0.00011   0.00161   0.00242   0.00115   0.00077   0.00271   0.00626   0.00176   0.00252   0.00445   0.00128   0.00205   0.00317   0.00175   0.00223   0.01391   0.01484   0.00668   0.00000   0.00590   0.00843   0.00733   0.00273   0.00382   0.00292   3.00000   1.06785   0.02279   0.29226   2.76325  
  2 1325.0373   1843.624647  x:  0.00088   0.00139   0.00000   0.00163   0.00233   0.00105   0.00078   0.00264   0.00630   0.00170   0.00253   0.00450   0.00118   0.00195   0.00315   0.00165   0.00224   0.01391   0.01484   0.00667   0.00000   0.00585   0.00843   0.00735   0.00265   0.00381   0.00284   3.00000   1.06785   0.02279   0.29226   2.76325  
  3 13231.2917   1839.553499  x:  0.00003   0.00023   0.00000   0.00170   0.00131   0.00000   0.00098   0.00183   0.00674   0.00096   0.00257   0.00496   0.00002   0.00079   0.00299   0.00048   0.00231   0.01392   0.01479   0.00647   0.00000   0.00530   0.00839   0.00764   0.00181   0.00361   0.00189   3.00000   1.06785   0.02278   0.29219   2.76325  
  4 283239.0548   1839.490061  x:  0.00002   0.00021   0.00000   0.00170   0.00130   0.00000   0.00098   0.00182   0.00675   0.00095   0.00257   0.00497   0.00000   0.00077   0.00299   0.00046   0.00231   0.01392   0.01479   0.00647   0.00000   0.00529   0.00839   0.00765   0.00179   0.00360   0.00188   3.00000   1.06786   0.02278   0.29219   2.76325  
  5 107337.1105   1839.444618  x:  0.00000   0.00019   0.00000   0.00170   0.00128   0.00000   0.00098   0.00180   0.00675   0.00093   0.00256   0.00497   0.00000   0.00076   0.00299   0.00044   0.00231   0.01392   0.01479   0.00646   0.00000   0.00528   0.00840   0.00765   0.00178   0.00361   0.00188   3.00000   1.06786   0.02278   0.29219   2.76325  
  6 6703.3811   1839.060186  x:  0.00000   0.00000   0.00000   0.00170   0.00111   0.00000   0.00098   0.00168   0.00677   0.00079   0.00256   0.00498   0.00000   0.00057   0.00300   0.00026   0.00234   0.01393   0.01478   0.00643   0.00000   0.00520   0.00838   0.00770   0.00169   0.00362   0.00192   3.00000   1.06786   0.02278   0.29218   2.76325  
  7 10930.5546   1838.659347  x:  0.00000   0.00000   0.00000   0.00171   0.00089   0.00000   0.00097   0.00154   0.00680   0.00064   0.00255   0.00503   0.00000   0.00033   0.00301   0.00000   0.00233   0.01393   0.01477   0.00642   0.00000   0.00509   0.00833   0.00778   0.00155   0.00363   0.00200   3.00000   1.06786   0.02278   0.29216   2.76325  
  8 24034.8078   1838.266937  x:  0.00000   0.00000   0.00000   0.00171   0.00060   0.00000   0.00095   0.00137   0.00683   0.00044   0.00252   0.00509   0.00000   0.00000   0.00300   0.00000   0.00233   0.01393   0.01476   0.00642   0.00000   0.00494   0.00825   0.00787   0.00137   0.00367   0.00210   3.00001   1.06786   0.02277   0.29214   2.76325  
  9 89023.0827   1837.724858  x:  0.00000   0.00000   0.00000   0.00172   0.00000   0.00000   0.00091   0.00107   0.00689   0.00003   0.00247   0.00519   0.00000   0.00000   0.00300   0.00000   0.00233   0.01393   0.01475   0.00640   0.00000   0.00462   0.00809   0.00804   0.00097   0.00375   0.00229   3.00001   1.06787   0.02277   0.29210   2.76325  
 10 150399.9581   1837.701887  x:  0.00000   0.00000   0.00000   0.00172   0.00000   0.00000   0.00091   0.00105   0.00689   0.00000   0.00247   0.00520   0.00000   0.00000   0.00300   0.00000   0.00233   0.01393   0.01475   0.00640   0.00000   0.00460   0.00808   0.00806   0.00094   0.00375   0.00231   3.00001   1.06787   0.02277   0.29210   2.76325  
 11 97574.1634   1837.183583  x:  0.00000   0.00000   0.00000   0.00174   0.00000   0.00000   0.00084   0.00045   0.00708   0.00000   0.00235   0.00543   0.00000   0.00000   0.00290   0.00000   0.00234   0.01398   0.01471   0.00630   0.00000   0.00399   0.00774   0.00856   0.00000   0.00387   0.00278   3.00001   1.06788   0.02276   0.29200   2.76325  
 12 14562.4431   1836.639483  x:  0.00000   0.00000   0.00000   0.00183   0.00000   0.00000   0.00083   0.00000   0.00863   0.00000   0.00219   0.00536   0.00000   0.00000   0.00257   0.00000   0.00236   0.01427   0.01477   0.00646   0.00000   0.00112   0.00814   0.00829   0.00000   0.00393   0.00346   3.00003   1.06793   0.02270   0.29148   2.76325  
 13 171.2039   1836.365447  x:  0.00000   0.00000   0.00000   0.00182   0.00000   0.00000   0.00086   0.00000   0.00870   0.00000   0.00220   0.00531   0.00000   0.00000   0.00259   0.00000   0.00236   0.01435   0.01475   0.00639   0.00000   0.00000   0.00815   0.00839   0.00000   0.00397   0.00330   3.00004   1.06795   0.02268   0.29126   2.76325  
 14 440.4696   1835.232785  x:  0.00000   0.00000   0.00000   0.00178   0.00000   0.00000   0.00157   0.00000   0.00922   0.00000   0.00273   0.00446   0.00000   0.00000   0.00128   0.00000   0.00257   0.01484   0.01430   0.00546   0.00000   0.00000   0.00774   0.00896   0.00000   0.00267   0.00000   3.00029   1.06854   0.02210   0.28561   2.76325  
 15 380.5659   1834.964176  x:  0.00000   0.00000   0.00000   0.00160   0.00000   0.00000   0.00232   0.00000   0.01087   0.00000   0.00323   0.00479   0.00000   0.00000   0.00158   0.00000   0.00269   0.01418   0.01365   0.00561   0.00000   0.00000   0.00617   0.00863   0.00000   0.00247   0.00000   3.00056   1.06920   0.02145   0.27934   2.76325  
 16 187.2401   1834.915383  x:  0.00000   0.00000   0.00000   0.00157   0.00000   0.00000   0.00248   0.00000   0.01103   0.00000   0.00332   0.00484   0.00000   0.00000   0.00153   0.00000   0.00273   0.01380   0.01382   0.00660   0.00000   0.00000   0.00664   0.00930   0.00000   0.00240   0.00000   3.00064   1.06940   0.02125   0.27753   2.76325  
 17 86.3566   1834.756332  x:  0.00000   0.00000   0.00000   0.00161   0.00000   0.00000   0.00255   0.00000   0.01132   0.00000   0.00355   0.00491   0.00000   0.00000   0.00153   0.00000   0.00272   0.01258   0.01739   0.00595   0.00000   0.00000   0.00658   0.00939   0.00000   0.00244   0.00000   3.00114   1.07081   0.01984   0.26606   2.76325  
 18 33.2260   1828.670948  x:  0.00000   0.00000   0.00000   0.00233   0.00000   0.00000   0.00321   0.00000   0.01148   0.00000   0.00683   0.00911   0.00000   0.00000   0.00128   0.00000   0.00263   0.02375   0.02264   0.00634   0.00000   0.00000   0.00787   0.00821   0.00000   0.00194   0.00000   3.01275   1.10348  -0.01280   0.00000   2.76324  
 19 262.5441   1828.421790  x:  0.00000   0.00000   0.00000   0.00279   0.00000   0.00000   0.00316   0.00000   0.01188   0.00000   0.00823   0.01053   0.00000   0.00000   0.00118   0.00000   0.00249   0.02121   0.02098   0.00487   0.00000   0.00000   0.00924   0.00840   0.00000   0.00235   0.00000   3.01785   1.11802  -0.02732   0.00000   2.76324  
 20 133.0105   1828.015266  x:  0.00000   0.00000   0.00000   0.00286   0.00000   0.00000   0.00468   0.00000   0.01314   0.00000   0.00633   0.01056   0.00000   0.00000   0.00126   0.00000   0.00362   0.02297   0.02377   0.00403   0.00000   0.00000   0.01084   0.00801   0.00000   0.00219   0.00000   3.04899   1.21736  -0.12657   0.00000   2.76322  
 21  8.9617   1827.316632  x:  0.00000   0.00000   0.00000   0.00367   0.00000   0.00000   0.00398   0.00000   0.01268   0.00000   0.00813   0.01157   0.00000   0.00000   0.00103   0.00000   0.00335   0.02408   0.02440   0.00555   0.00000   0.00000   0.00901   0.00833   0.00000   0.00290   0.00000   3.11028   1.39875  -0.30784   0.00000   2.76322  
 22  6.8787   1827.045966  x:  0.00000   0.00000   0.00000   0.00378   0.00000   0.00000   0.00369   0.00000   0.01230   0.00000   0.00892   0.01136   0.00000   0.00000   0.00139   0.00000   0.00257   0.02444   0.02355   0.00502   0.00000   0.00000   0.00937   0.00882   0.00000   0.00180   0.00000   3.13225   1.44607  -0.35515   0.00000   2.76322  
 23  9.3461   1824.956240  x:  0.00000   0.00000   0.00000   0.00306   0.00000   0.00000   0.00375   0.00000   0.00880   0.00000   0.00342   0.01029   0.00000   0.00000   0.00185   0.00000   0.00188   0.02633   0.01370   0.00504   0.00000   0.00000   0.01001   0.00762   0.00000   0.00304   0.00000   3.40063   1.51225  -0.42053   0.00000   2.76327  
 24  1.3591   1824.329066  x:  0.00000   0.00000   0.00000   0.00485   0.00000   0.00000   0.00326   0.00000   0.00871   0.00000   0.00249   0.00909   0.00000   0.00000   0.00228   0.00000   0.00370   0.02269   0.01170   0.00549   0.00000   0.00000   0.00853   0.00906   0.00000   0.00287   0.00000   3.59062   1.49656  -0.40510   0.00000   2.76318  
 25  1.2527   1823.563156  x:  0.00000   0.00000   0.00000   0.00359   0.00000   0.00000   0.00334   0.00000   0.00948   0.00000   0.00116   0.00914   0.00000   0.00000   0.00214   0.00000   0.00300   0.01825   0.01380   0.00494   0.00000   0.00000   0.00753   0.01089   0.00000   0.00301   0.00000   3.84104   1.53074  -0.44006   0.00000   2.76308  
 26  1.4356   1823.076227  x:  0.00000   0.00000   0.00000   0.00252   0.00000   0.00000   0.00264   0.00000   0.00962   0.00000   0.00226   0.00942   0.00000   0.00000   0.00218   0.00000   0.00302   0.01428   0.01439   0.00462   0.00000   0.00000   0.00695   0.01167   0.00000   0.00304   0.00000   4.01924   1.56643  -0.47629   0.00000   2.76303  
 27  2.1115   1822.916988  x:  0.00000   0.00000   0.00000   0.00304   0.00000   0.00000   0.00270   0.00000   0.01052   0.00000   0.00237   0.00790   0.00000   0.00000   0.00240   0.00000   0.00251   0.01337   0.01447   0.00524   0.00000   0.00000   0.00742   0.01067   0.00000   0.00303   0.00000   4.01988   1.59294  -0.50246   0.00000   2.76313  
 28  0.0671   1822.851641  x:  0.00000   0.00000   0.00000   0.00244   0.00000   0.00000   0.00245   0.00000   0.01036   0.00000   0.00233   0.00755   0.00000   0.00000   0.00241   0.00000   0.00253   0.01399   0.01397   0.00522   0.00000   0.00000   0.00779   0.01004   0.00000   0.00287   0.00000   3.97513   1.62552  -0.53534   0.00000   2.76313  
 29  0.1702   1822.838648  x:  0.00000   0.00000   0.00000   0.00258   0.00000   0.00000   0.00245   0.00000   0.01005   0.00000   0.00243   0.00748   0.00000   0.00000   0.00243   0.00000   0.00247   0.01437   0.01424   0.00506   0.00000   0.00000   0.00757   0.00999   0.00000   0.00278   0.00000   3.88262   1.63661  -0.54618   0.00000   2.76315  
 30  0.1067   1822.834453  x:  0.00000   0.00000   0.00000   0.00250   0.00000   0.00000   0.00249   0.00000   0.00994   0.00000   0.00245   0.00753   0.00000   0.00000   0.00244   0.00000   0.00248   0.01404   0.01417   0.00495   0.00000   0.00000   0.00759   0.00999   0.00000   0.00273   0.00000   3.81456   1.63857  -0.54802   0.00000   2.76316  
 31  0.0696   1822.833461  x:  0.00000   0.00000   0.00000   0.00249   0.00000   0.00000   0.00250   0.00000   0.01003   0.00000   0.00247   0.00753   0.00000   0.00000   0.00248   0.00000   0.00249   0.01408   0.01419   0.00501   0.00000   0.00000   0.00757   0.01000   0.00000   0.00276   0.00000   3.77723   1.63568  -0.54519   0.00000   2.76316  
 32  0.0326   1822.833422  x:  0.00000   0.00000   0.00000   0.00250   0.00000   0.00000   0.00249   0.00000   0.01004   0.00000   0.00247   0.00752   0.00000   0.00000   0.00248   0.00000   0.00249   0.01407   0.01415   0.00501   0.00000   0.00000   0.00756   0.01000   0.00000   0.00276   0.00000   3.77561   1.63572  -0.54525   0.00000   2.76316  
 33  0.0024   1822.833416  x:  0.00000   0.00000   0.00000   0.00250   0.00000   0.00000   0.00249   0.00000   0.01004   0.00000   0.00247   0.00752   0.00000   0.00000   0.00248   0.00000   0.00249   0.01407   0.01415   0.00502   0.00000   0.00000   0.00757   0.01001   0.00000   0.00275   0.00000   3.77557   1.63590  -0.54544   0.00000   2.76317  
 34  0.0002   1822.833414  x:  0.00000   0.00000   0.00000   0.00250   0.00000   0.00000   0.00249   0.00000   0.01004   0.00000   0.00247   0.00752   0.00000   0.00000   0.00249   0.00000   0.00249   0.01408   0.01415   0.00502   0.00000   0.00000   0.00757   0.01001   0.00000   0.00275   0.00000   3.77588   1.63590  -0.54545   0.00000   2.76317  
 35  0.0002   1822.833413  x:  0.00000   0.00000   0.00000   0.00250   0.00000   0.00000   0.00249   0.00000   0.01004   0.00000   0.00247   0.00752   0.00000   0.00000   0.00249   0.00000   0.00249   0.01408   0.01415   0.00501   0.00000   0.00000   0.00757   0.01001   0.00000   0.00275   0.00000   3.77598   1.63585  -0.54541   0.00000   2.76318  
 36  0.0001   1822.833413  x:  0.00000   0.00000   0.00000   0.00250   0.00000   0.00000   0.00249   0.00000   0.01004   0.00000   0.00247   0.00753   0.00000   0.00000   0.00249   0.00000   0.00249   0.01408   0.01415   0.00501   0.00000   0.00000   0.00757   0.01001   0.00000   0.00275   0.00000   3.77602   1.63583  -0.54541   0.00000   2.76318  
 37  0.0001   1822.833413  x:  0.00000   0.00000   0.00000   0.00250   0.00000   0.00000   0.00249   0.00000   0.01004   0.00000   0.00247   0.00753   0.00000   0.00000   0.00249   0.00000   0.00249   0.01408   0.01415   0.00501   0.00000   0.00000   0.00757   0.01001   0.00000   0.00275   0.00000   3.77605   1.63583  -0.54541   0.00000   2.76319  