Supplemental results for CODEML (seqf: align.phy  treef: tree)


dN/dS (w) for site classes (K=4)

site class             0        1       2a       2b
proportion       1.00000  0.00000  0.00000  0.00000
background w     0.15898  1.00000  0.15898  1.00000
foreground w     0.15898  1.00000  1.00000  1.00000

Naive Empirical Bayes (NEB) probabilities for 4 classes
(amino acids refer to 1st sequence: Cadus)

   1 -   1.00000 0.00000 0.00000 0.00000 ( 1)
   2 -   1.00000 0.00000 0.00000 0.00000 ( 1)
   3 -   1.00000 0.00000 0.00000 0.00000 ( 1)
   4 -   1.00000 0.00000 0.00000 0.00000 ( 1)
   5 -   1.00000 0.00000 0.00000 0.00000 ( 1)
   6 -   1.00000 0.00000 0.00000 0.00000 ( 1)
   7 -   1.00000 0.00000 0.00000 0.00000 ( 1)
   8 -   1.00000 0.00000 0.00000 0.00000 ( 1)
   9 -   1.00000 0.00000 0.00000 0.00000 ( 1)
  10 -   1.00000 0.00000 0.00000 0.00000 ( 1)
  11 -   1.00000 0.00000 0.00000 0.00000 ( 1)
  12 -   1.00000 0.00000 0.00000 0.00000 ( 1)
  13 -   1.00000 0.00000 0.00000 0.00000 ( 1)
  14 -   1.00000 0.00000 0.00000 0.00000 ( 1)
  15 -   1.00000 0.00000 0.00000 0.00000 ( 1)
  16 -   1.00000 0.00000 0.00000 0.00000 ( 1)
  17 -   1.00000 0.00000 0.00000 0.00000 ( 1)
  18 -   1.00000 0.00000 0.00000 0.00000 ( 1)
  19 -   1.00000 0.00000 0.00000 0.00000 ( 1)
  20 -   1.00000 0.00000 0.00000 0.00000 ( 1)
  21 -   1.00000 0.00000 0.00000 0.00000 ( 1)
  22 -   1.00000 0.00000 0.00000 0.00000 ( 1)
  23 -   1.00000 0.00000 0.00000 0.00000 ( 1)
  24 -   1.00000 0.00000 0.00000 0.00000 ( 1)
  25 -   1.00000 0.00000 0.00000 0.00000 ( 1)
  26 -   1.00000 0.00000 0.00000 0.00000 ( 1)
  27 *   1.00000 0.00000 0.00000 0.00000 ( 1)
  28 -   1.00000 0.00000 0.00000 0.00000 ( 1)
  29 Q   1.00000 0.00000 0.00000 0.00000 ( 1)
  30 *   1.00000 0.00000 0.00000 0.00000 ( 1)
  31 E   1.00000 0.00000 0.00000 0.00000 ( 1)
  32 Y   1.00000 0.00000 0.00000 0.00000 ( 1)
  33 L   1.00000 0.00000 0.00000 0.00000 ( 1)
  34 D   1.00000 0.00000 0.00000 0.00000 ( 1)
  35 *   1.00000 0.00000 0.00000 0.00000 ( 1)
  36 -   1.00000 0.00000 0.00000 0.00000 ( 1)
  37 -   1.00000 0.00000 0.00000 0.00000 ( 1)
  38 -   1.00000 0.00000 0.00000 0.00000 ( 1)
  39 -   1.00000 0.00000 0.00000 0.00000 ( 1)
  40 -   1.00000 0.00000 0.00000 0.00000 ( 1)
  41 -   1.00000 0.00000 0.00000 0.00000 ( 1)
  42 -   1.00000 0.00000 0.00000 0.00000 ( 1)
  43 -   1.00000 0.00000 0.00000 0.00000 ( 1)
  44 -   1.00000 0.00000 0.00000 0.00000 ( 1)
  45 -   1.00000 0.00000 0.00000 0.00000 ( 1)
  46 -   1.00000 0.00000 0.00000 0.00000 ( 1)
  47 -   1.00000 0.00000 0.00000 0.00000 ( 1)
  48 -   1.00000 0.00000 0.00000 0.00000 ( 1)
  49 -   1.00000 0.00000 0.00000 0.00000 ( 1)
  50 -   1.00000 0.00000 0.00000 0.00000 ( 1)
  51 -   1.00000 0.00000 0.00000 0.00000 ( 1)
  52 -   1.00000 0.00000 0.00000 0.00000 ( 1)
  53 -   1.00000 0.00000 0.00000 0.00000 ( 1)
  54 -   1.00000 0.00000 0.00000 0.00000 ( 1)
  55 -   1.00000 0.00000 0.00000 0.00000 ( 1)
  56 -   1.00000 0.00000 0.00000 0.00000 ( 1)
  57 -   1.00000 0.00000 0.00000 0.00000 ( 1)
  58 -   1.00000 0.00000 0.00000 0.00000 ( 1)
  59 -   1.00000 0.00000 0.00000 0.00000 ( 1)
  60 -   1.00000 0.00000 0.00000 0.00000 ( 1)
  61 -   1.00000 0.00000 0.00000 0.00000 ( 1)
  62 -   1.00000 0.00000 0.00000 0.00000 ( 1)
  63 -   1.00000 0.00000 0.00000 0.00000 ( 1)
  64 -   1.00000 0.00000 0.00000 0.00000 ( 1)
  65 -   1.00000 0.00000 0.00000 0.00000 ( 1)
  66 -   1.00000 0.00000 0.00000 0.00000 ( 1)
  67 -   1.00000 0.00000 0.00000 0.00000 ( 1)
  68 -   1.00000 0.00000 0.00000 0.00000 ( 1)
  69 -   1.00000 0.00000 0.00000 0.00000 ( 1)
  70 -   1.00000 0.00000 0.00000 0.00000 ( 1)
  71 -   1.00000 0.00000 0.00000 0.00000 ( 1)
  72 -   1.00000 0.00000 0.00000 0.00000 ( 1)
  73 -   1.00000 0.00000 0.00000 0.00000 ( 1)
  74 -   1.00000 0.00000 0.00000 0.00000 ( 1)
  75 *   1.00000 0.00000 0.00000 0.00000 ( 1)
  76 M   1.00000 0.00000 0.00000 0.00000 ( 1)
  77 -   1.00000 0.00000 0.00000 0.00000 ( 1)
  78 *   1.00000 0.00000 0.00000 0.00000 ( 1)
  79 -   1.00000 0.00000 0.00000 0.00000 ( 1)
  80 *   1.00000 0.00000 0.00000 0.00000 ( 1)
  81 L   1.00000 0.00000 0.00000 0.00000 ( 1)
  82 L   1.00000 0.00000 0.00000 0.00000 ( 1)
  83 A   1.00000 0.00000 0.00000 0.00000 ( 1)
  84 A   1.00000 0.00000 0.00000 0.00000 ( 1)
  85 L   1.00000 0.00000 0.00000 0.00000 ( 1)
  86 Q   1.00000 0.00000 0.00000 0.00000 ( 1)
  87 W   1.00000 0.00000 0.00000 0.00000 ( 1)
  88 Q   1.00000 0.00000 0.00000 0.00000 ( 1)
  89 V   1.00000 0.00000 0.00000 0.00000 ( 1)
  90 P   1.00000 0.00000 0.00000 0.00000 ( 1)
  91 D   1.00000 0.00000 0.00000 0.00000 ( 1)
  92 V   1.00000 0.00000 0.00000 0.00000 ( 1)
  93 G   1.00000 0.00000 0.00000 0.00000 ( 1)
  94 P   1.00000 0.00000 0.00000 0.00000 ( 1)
  95 V   1.00000 0.00000 0.00000 0.00000 ( 1)
  96 P   1.00000 0.00000 0.00000 0.00000 ( 1)
  97 F   1.00000 0.00000 0.00000 0.00000 ( 1)
  98 L   1.00000 0.00000 0.00000 0.00000 ( 1)
  99 K   1.00000 0.00000 0.00000 0.00000 ( 1)
 100 S   1.00000 0.00000 0.00000 0.00000 ( 1)
 101 T   1.00000 0.00000 0.00000 0.00000 ( 1)
 102 D   1.00000 0.00000 0.00000 0.00000 ( 1)
 103 P   1.00000 0.00000 0.00000 0.00000 ( 1)
 104 S   1.00000 0.00000 0.00000 0.00000 ( 1)
 105 S   1.00000 0.00000 0.00000 0.00000 ( 1)
 106 S   1.00000 0.00000 0.00000 0.00000 ( 1)
 107 Y   1.00000 0.00000 0.00000 0.00000 ( 1)
 108 F   1.00000 0.00000 0.00000 0.00000 ( 1)
 109 V   1.00000 0.00000 0.00000 0.00000 ( 1)
 110 I   1.00000 0.00000 0.00000 0.00000 ( 1)
 111 L   1.00000 0.00000 0.00000 0.00000 ( 1)
 112 N   1.00000 0.00000 0.00000 0.00000 ( 1)
 113 S   1.00000 0.00000 0.00000 0.00000 ( 1)
 114 A   1.00000 0.00000 0.00000 0.00000 ( 1)
 115 A   1.00000 0.00000 0.00000 0.00000 ( 1)
 116 F   1.00000 0.00000 0.00000 0.00000 ( 1)
 117 F   1.00000 0.00000 0.00000 0.00000 ( 1)
 118 K   1.00000 0.00000 0.00000 0.00000 ( 1)
 119 V   1.00000 0.00000 0.00000 0.00000 ( 1)
 120 G   1.00000 0.00000 0.00000 0.00000 ( 1)
 121 S   1.00000 0.00000 0.00000 0.00000 ( 1)
 122 Q   1.00000 0.00000 0.00000 0.00000 ( 1)
 123 L   1.00000 0.00000 0.00000 0.00000 ( 1)
 124 E   1.00000 0.00000 0.00000 0.00000 ( 1)
 125 V   1.00000 0.00000 0.00000 0.00000 ( 1)
 126 L   1.00000 0.00000 0.00000 0.00000 ( 1)
 127 V   1.00000 0.00000 0.00000 0.00000 ( 1)
 128 H   1.00000 0.00000 0.00000 0.00000 ( 1)
 129 V   1.00000 0.00000 0.00000 0.00000 ( 1)
 130 Q   1.00000 0.00000 0.00000 0.00000 ( 1)
 131 D   1.00000 0.00000 0.00000 0.00000 ( 1)
 132 F   1.00000 0.00000 0.00000 0.00000 ( 1)
 133 Q   1.00000 0.00000 0.00000 0.00000 ( 1)
 134 R   1.00000 0.00000 0.00000 0.00000 ( 1)
 135 K   1.00000 0.00000 0.00000 0.00000 ( 1)
 136 P   1.00000 0.00000 0.00000 0.00000 ( 1)
 137 K   1.00000 0.00000 0.00000 0.00000 ( 1)
 138 K   1.00000 0.00000 0.00000 0.00000 ( 1)
 139 Y   1.00000 0.00000 0.00000 0.00000 ( 1)
 140 G   1.00000 0.00000 0.00000 0.00000 ( 1)
 141 G   1.00000 0.00000 0.00000 0.00000 ( 1)
 142 D   1.00000 0.00000 0.00000 0.00000 ( 1)
 143 Y   1.00000 0.00000 0.00000 0.00000 ( 1)
 144 L   1.00000 0.00000 0.00000 0.00000 ( 1)
 145 Q   1.00000 0.00000 0.00000 0.00000 ( 1)
 146 A   1.00000 0.00000 0.00000 0.00000 ( 1)
 147 R   1.00000 0.00000 0.00000 0.00000 ( 1)
 148 I   1.00000 0.00000 0.00000 0.00000 ( 1)
 149 H   1.00000 0.00000 0.00000 0.00000 ( 1)
 150 S   1.00000 0.00000 0.00000 0.00000 ( 1)
 151 P   1.00000 0.00000 0.00000 0.00000 ( 1)
 152 K   1.00000 0.00000 0.00000 0.00000 ( 1)
 153 L   1.00000 0.00000 0.00000 0.00000 ( 1)
 154 Q   1.00000 0.00000 0.00000 0.00000 ( 1)
 155 A   1.00000 0.00000 0.00000 0.00000 ( 1)
 156 G   1.00000 0.00000 0.00000 0.00000 ( 1)
 157 A   1.00000 0.00000 0.00000 0.00000 ( 1)
 158 *   1.00000 0.00000 0.00000 0.00000 ( 1)
 159 -   1.00000 0.00000 0.00000 0.00000 ( 1)
 160 -   1.00000 0.00000 0.00000 0.00000 ( 1)
 161 -   1.00000 0.00000 0.00000 0.00000 ( 1)
 162 -   1.00000 0.00000 0.00000 0.00000 ( 1)
 163 -   1.00000 0.00000 0.00000 0.00000 ( 1)
 164 -   1.00000 0.00000 0.00000 0.00000 ( 1)
 165 -   1.00000 0.00000 0.00000 0.00000 ( 1)
 166 *   1.00000 0.00000 0.00000 0.00000 ( 1)
 167 G   1.00000 0.00000 0.00000 0.00000 ( 1)
 168 -   1.00000 0.00000 0.00000 0.00000 ( 1)
 169 -   1.00000 0.00000 0.00000 0.00000 ( 1)
 170 -   1.00000 0.00000 0.00000 0.00000 ( 1)
 171 V   1.00000 0.00000 0.00000 0.00000 ( 1)
 172 F   1.00000 0.00000 0.00000 0.00000 ( 1)
 173 F   1.00000 0.00000 0.00000 0.00000 ( 1)
 174 T   1.00000 0.00000 0.00000 0.00000 ( 1)
 175 L   1.00000 0.00000 0.00000 0.00000 ( 1)
 176 L   1.00000 0.00000 0.00000 0.00000 ( 1)
 177 W   1.00000 0.00000 0.00000 0.00000 ( 1)
 178 P   1.00000 0.00000 0.00000 0.00000 ( 1)
 179 G   1.00000 0.00000 0.00000 0.00000 ( 1)
 180 K   1.00000 0.00000 0.00000 0.00000 ( 1)
 181 V   1.00000 0.00000 0.00000 0.00000 ( 1)
 182 K   1.00000 0.00000 0.00000 0.00000 ( 1)
 183 V   1.00000 0.00000 0.00000 0.00000 ( 1)
 184 S   1.00000 0.00000 0.00000 0.00000 ( 1)
 185 I   1.00000 0.00000 0.00000 0.00000 ( 1)
 186 S   1.00000 0.00000 0.00000 0.00000 ( 1)
 187 L   1.00000 0.00000 0.00000 0.00000 ( 1)
 188 V   1.00000 0.00000 0.00000 0.00000 ( 1)
 189 H   1.00000 0.00000 0.00000 0.00000 ( 1)
 190 P   1.00000 0.00000 0.00000 0.00000 ( 1)
 191 T   1.00000 0.00000 0.00000 0.00000 ( 1)
 192 E   1.00000 0.00000 0.00000 0.00000 ( 1)
 193 G   1.00000 0.00000 0.00000 0.00000 ( 1)
 194 I   1.00000 0.00000 0.00000 0.00000 ( 1)
 195 R   1.00000 0.00000 0.00000 0.00000 ( 1)
 196 V   1.00000 0.00000 0.00000 0.00000 ( 1)
 197 L   1.00000 0.00000 0.00000 0.00000 ( 1)
 198 Q   1.00000 0.00000 0.00000 0.00000 ( 1)
 199 H   1.00000 0.00000 0.00000 0.00000 ( 1)
 200 L   1.00000 0.00000 0.00000 0.00000 ( 1)
 201 Q   1.00000 0.00000 0.00000 0.00000 ( 1)
 202 E   1.00000 0.00000 0.00000 0.00000 ( 1)
 203 E   1.00000 0.00000 0.00000 0.00000 ( 1)
 204 K   1.00000 0.00000 0.00000 0.00000 ( 1)
 205 P   1.00000 0.00000 0.00000 0.00000 ( 1)
 206 H   1.00000 0.00000 0.00000 0.00000 ( 1)
 207 R   1.00000 0.00000 0.00000 0.00000 ( 1)
 208 V   1.00000 0.00000 0.00000 0.00000 ( 1)
 209 Y   1.00000 0.00000 0.00000 0.00000 ( 1)
 210 F   1.00000 0.00000 0.00000 0.00000 ( 1)
 211 K   1.00000 0.00000 0.00000 0.00000 ( 1)
 212 S   1.00000 0.00000 0.00000 0.00000 ( 1)
 213 L   1.00000 0.00000 0.00000 0.00000 ( 1)
 214 F   1.00000 0.00000 0.00000 0.00000 ( 1)
 215 R   1.00000 0.00000 0.00000 0.00000 ( 1)
 216 S   1.00000 0.00000 0.00000 0.00000 ( 1)
 217 G   1.00000 0.00000 0.00000 0.00000 ( 1)
 218 R   1.00000 0.00000 0.00000 0.00000 ( 1)
 219 I   1.00000 0.00000 0.00000 0.00000 ( 1)
 220 S   1.00000 0.00000 0.00000 0.00000 ( 1)
 221 E   1.00000 0.00000 0.00000 0.00000 ( 1)
 222 T   1.00000 0.00000 0.00000 0.00000 ( 1)
 223 T   1.00000 0.00000 0.00000 0.00000 ( 1)
 224 E   1.00000 0.00000 0.00000 0.00000 ( 1)
 225 C   1.00000 0.00000 0.00000 0.00000 ( 1)
 226 N   1.00000 0.00000 0.00000 0.00000 ( 1)
 227 V   1.00000 0.00000 0.00000 0.00000 ( 1)
 228 C   1.00000 0.00000 0.00000 0.00000 ( 1)
 229 L   1.00000 0.00000 0.00000 0.00000 ( 1)
 230 P   1.00000 0.00000 0.00000 0.00000 ( 1)
 231 G   1.00000 0.00000 0.00000 0.00000 ( 1)
 232 S   1.00000 0.00000 0.00000 0.00000 ( 1)
 233 L   1.00000 0.00000 0.00000 0.00000 ( 1)
 234 P   1.00000 0.00000 0.00000 0.00000 ( 1)
 235 L   1.00000 0.00000 0.00000 0.00000 ( 1)
 236 C   1.00000 0.00000 0.00000 0.00000 ( 1)
 237 N   1.00000 0.00000 0.00000 0.00000 ( 1)
 238 F   1.00000 0.00000 0.00000 0.00000 ( 1)
 239 T   1.00000 0.00000 0.00000 0.00000 ( 1)
 240 D   1.00000 0.00000 0.00000 0.00000 ( 1)
 241 L   1.00000 0.00000 0.00000 0.00000 ( 1)
 242 Y   1.00000 0.00000 0.00000 0.00000 ( 1)
 243 T   1.00000 0.00000 0.00000 0.00000 ( 1)
 244 G   1.00000 0.00000 0.00000 0.00000 ( 1)
 245 E   1.00000 0.00000 0.00000 0.00000 ( 1)
 246 P   1.00000 0.00000 0.00000 0.00000 ( 1)
 247 W   1.00000 0.00000 0.00000 0.00000 ( 1)
 248 F   1.00000 0.00000 0.00000 0.00000 ( 1)
 249 C   1.00000 0.00000 0.00000 0.00000 ( 1)
 250 F   1.00000 0.00000 0.00000 0.00000 ( 1)
 251 K   1.00000 0.00000 0.00000 0.00000 ( 1)
 252 P   1.00000 0.00000 0.00000 0.00000 ( 1)
 253 K   1.00000 0.00000 0.00000 0.00000 ( 1)
 254 K   1.00000 0.00000 0.00000 0.00000 ( 1)
 255 L   1.00000 0.00000 0.00000 0.00000 ( 1)
 256 P   1.00000 0.00000 0.00000 0.00000 ( 1)
 257 C   1.00000 0.00000 0.00000 0.00000 ( 1)
 258 S   1.00000 0.00000 0.00000 0.00000 ( 1)
 259 S   1.00000 0.00000 0.00000 0.00000 ( 1)
 260 R   1.00000 0.00000 0.00000 0.00000 ( 1)
 261 I   1.00000 0.00000 0.00000 0.00000 ( 1)
 262 N   1.00000 0.00000 0.00000 0.00000 ( 1)
 263 H   1.00000 0.00000 0.00000 0.00000 ( 1)
 264 F   1.00000 0.00000 0.00000 0.00000 ( 1)
 265 K   1.00000 0.00000 0.00000 0.00000 ( 1)
 266 G   1.00000 0.00000 0.00000 0.00000 ( 1)
 267 G   1.00000 0.00000 0.00000 0.00000 ( 1)
 268 Y   1.00000 0.00000 0.00000 0.00000 ( 1)
 269 L   1.00000 0.00000 0.00000 0.00000 ( 1)
 270 K   1.00000 0.00000 0.00000 0.00000 ( 1)
 271 G   1.00000 0.00000 0.00000 0.00000 ( 1)
 272 L   1.00000 0.00000 0.00000 0.00000 ( 1)
 273 L   1.00000 0.00000 0.00000 0.00000 ( 1)
 274 *   1.00000 0.00000 0.00000 0.00000 ( 1)
 275 -   1.00000 0.00000 0.00000 0.00000 ( 1)
 276 -   1.00000 0.00000 0.00000 0.00000 ( 1)
 277 -   1.00000 0.00000 0.00000 0.00000 ( 1)
 278 -   1.00000 0.00000 0.00000 0.00000 ( 1)
 279 -   1.00000 0.00000 0.00000 0.00000 ( 1)
 280 -   1.00000 0.00000 0.00000 0.00000 ( 1)
 281 -   1.00000 0.00000 0.00000 0.00000 ( 1)
 282 -   1.00000 0.00000 0.00000 0.00000 ( 1)
 283 *   1.00000 0.00000 0.00000 0.00000 ( 1)
 284 G   1.00000 0.00000 0.00000 0.00000 ( 1)
 285 V   1.00000 0.00000 0.00000 0.00000 ( 1)
 286 N   1.00000 0.00000 0.00000 0.00000 ( 1)
 287 I   1.00000 0.00000 0.00000 0.00000 ( 1)
 288 K   1.00000 0.00000 0.00000 0.00000 ( 1)
 289 M   1.00000 0.00000 0.00000 0.00000 ( 1)
 290 P   1.00000 0.00000 0.00000 0.00000 ( 1)
 291 I   1.00000 0.00000 0.00000 0.00000 ( 1)
 292 N   1.00000 0.00000 0.00000 0.00000 ( 1)
 293 S   1.00000 0.00000 0.00000 0.00000 ( 1)
 294 S   1.00000 0.00000 0.00000 0.00000 ( 1)
 295 G   1.00000 0.00000 0.00000 0.00000 ( 1)
 296 P   1.00000 0.00000 0.00000 0.00000 ( 1)
 297 D   1.00000 0.00000 0.00000 0.00000 ( 1)
 298 W   1.00000 0.00000 0.00000 0.00000 ( 1)
 299 V   1.00000 0.00000 0.00000 0.00000 ( 1)
 300 T   1.00000 0.00000 0.00000 0.00000 ( 1)
 301 V   1.00000 0.00000 0.00000 0.00000 ( 1)
 302 I   1.00000 0.00000 0.00000 0.00000 ( 1)
 303 P   1.00000 0.00000 0.00000 0.00000 ( 1)
 304 T   1.00000 0.00000 0.00000 0.00000 ( 1)
 305 S   1.00000 0.00000 0.00000 0.00000 ( 1)
 306 I   1.00000 0.00000 0.00000 0.00000 ( 1)
 307 K   1.00000 0.00000 0.00000 0.00000 ( 1)
 308 E   1.00000 0.00000 0.00000 0.00000 ( 1)
 309 M   1.00000 0.00000 0.00000 0.00000 ( 1)
 310 K   1.00000 0.00000 0.00000 0.00000 ( 1)
 311 N   1.00000 0.00000 0.00000 0.00000 ( 1)
 312 S   1.00000 0.00000 0.00000 0.00000 ( 1)
 313 E   1.00000 0.00000 0.00000 0.00000 ( 1)
 314 L   1.00000 0.00000 0.00000 0.00000 ( 1)
 315 S   1.00000 0.00000 0.00000 0.00000 ( 1)
 316 Q   1.00000 0.00000 0.00000 0.00000 ( 1)
 317 G   1.00000 0.00000 0.00000 0.00000 ( 1)
 318 S   1.00000 0.00000 0.00000 0.00000 ( 1)
 319 G   1.00000 0.00000 0.00000 0.00000 ( 1)
 320 I   1.00000 0.00000 0.00000 0.00000 ( 1)
 321 F   1.00000 0.00000 0.00000 0.00000 ( 1)
 322 P   1.00000 0.00000 0.00000 0.00000 ( 1)
 323 S   1.00000 0.00000 0.00000 0.00000 ( 1)
 324 G   1.00000 0.00000 0.00000 0.00000 ( 1)
 325 Y   1.00000 0.00000 0.00000 0.00000 ( 1)
 326 Y   1.00000 0.00000 0.00000 0.00000 ( 1)
 327 Y   1.00000 0.00000 0.00000 0.00000 ( 1)
 328 K   1.00000 0.00000 0.00000 0.00000 ( 1)
 329 *   1.00000 0.00000 0.00000 0.00000 ( 1)
 330 *   1.00000 0.00000 0.00000 0.00000 ( 1)
 331 W   1.00000 0.00000 0.00000 0.00000 ( 1)
 332 R   1.00000 0.00000 0.00000 0.00000 ( 1)
 333 P   1.00000 0.00000 0.00000 0.00000 ( 1)
 334 R   1.00000 0.00000 0.00000 0.00000 ( 1)
 335 K   1.00000 0.00000 0.00000 0.00000 ( 1)
 336 F   1.00000 0.00000 0.00000 0.00000 ( 1)
 337 K   1.00000 0.00000 0.00000 0.00000 ( 1)
 338 M   1.00000 0.00000 0.00000 0.00000 ( 1)
 339 R   1.00000 0.00000 0.00000 0.00000 ( 1)
 340 Q   1.00000 0.00000 0.00000 0.00000 ( 1)
 341 F   1.00000 0.00000 0.00000 0.00000 ( 1)
 342 N   1.00000 0.00000 0.00000 0.00000 ( 1)
 343 D   1.00000 0.00000 0.00000 0.00000 ( 1)
 344 P   1.00000 0.00000 0.00000 0.00000 ( 1)
 345 D   1.00000 0.00000 0.00000 0.00000 ( 1)
 346 N   1.00000 0.00000 0.00000 0.00000 ( 1)
 347 I   1.00000 0.00000 0.00000 0.00000 ( 1)
 348 T   1.00000 0.00000 0.00000 0.00000 ( 1)
 349 E   1.00000 0.00000 0.00000 0.00000 ( 1)
 350 C   1.00000 0.00000 0.00000 0.00000 ( 1)
 351 L   1.00000 0.00000 0.00000 0.00000 ( 1)
 352 Q   1.00000 0.00000 0.00000 0.00000 ( 1)
 353 R   1.00000 0.00000 0.00000 0.00000 ( 1)
 354 K   1.00000 0.00000 0.00000 0.00000 ( 1)
 355 V   1.00000 0.00000 0.00000 0.00000 ( 1)
 356 V   1.00000 0.00000 0.00000 0.00000 ( 1)
 357 Y   1.00000 0.00000 0.00000 0.00000 ( 1)
 358 L   1.00000 0.00000 0.00000 0.00000 ( 1)
 359 F   1.00000 0.00000 0.00000 0.00000 ( 1)
 360 G   1.00000 0.00000 0.00000 0.00000 ( 1)
 361 D   1.00000 0.00000 0.00000 0.00000 ( 1)
 362 S   1.00000 0.00000 0.00000 0.00000 ( 1)
 363 T   1.00000 0.00000 0.00000 0.00000 ( 1)
 364 I   1.00000 0.00000 0.00000 0.00000 ( 1)
 365 R   1.00000 0.00000 0.00000 0.00000 ( 1)
 366 Q   1.00000 0.00000 0.00000 0.00000 ( 1)
 367 W   1.00000 0.00000 0.00000 0.00000 ( 1)
 368 F   1.00000 0.00000 0.00000 0.00000 ( 1)
 369 E   1.00000 0.00000 0.00000 0.00000 ( 1)
 370 Y   1.00000 0.00000 0.00000 0.00000 ( 1)
 371 L   1.00000 0.00000 0.00000 0.00000 ( 1)
 372 T   1.00000 0.00000 0.00000 0.00000 ( 1)
 373 A   1.00000 0.00000 0.00000 0.00000 ( 1)
 374 F   1.00000 0.00000 0.00000 0.00000 ( 1)
 375 V   1.00000 0.00000 0.00000 0.00000 ( 1)
 376 P   1.00000 0.00000 0.00000 0.00000 ( 1)
 377 *   1.00000 0.00000 0.00000 0.00000 ( 1)
 378 -   1.00000 0.00000 0.00000 0.00000 ( 1)
 379 -   1.00000 0.00000 0.00000 0.00000 ( 1)
 380 -   1.00000 0.00000 0.00000 0.00000 ( 1)
 381 -   1.00000 0.00000 0.00000 0.00000 ( 1)
 382 -   1.00000 0.00000 0.00000 0.00000 ( 1)
 383 -   1.00000 0.00000 0.00000 0.00000 ( 1)
 384 -   1.00000 0.00000 0.00000 0.00000 ( 1)
 385 -   1.00000 0.00000 0.00000 0.00000 ( 1)
 386 -   1.00000 0.00000 0.00000 0.00000 ( 1)
 387 -   1.00000 0.00000 0.00000 0.00000 ( 1)
 388 -   1.00000 0.00000 0.00000 0.00000 ( 1)
 389 -   1.00000 0.00000 0.00000 0.00000 ( 1)
 390 -   1.00000 0.00000 0.00000 0.00000 ( 1)
 391 -   1.00000 0.00000 0.00000 0.00000 ( 1)
 392 -   1.00000 0.00000 0.00000 0.00000 ( 1)
 393 -   1.00000 0.00000 0.00000 0.00000 ( 1)
 394 -   1.00000 0.00000 0.00000 0.00000 ( 1)
 395 -   1.00000 0.00000 0.00000 0.00000 ( 1)
 396 -   1.00000 0.00000 0.00000 0.00000 ( 1)
 397 -   1.00000 0.00000 0.00000 0.00000 ( 1)
 398 -   1.00000 0.00000 0.00000 0.00000 ( 1)
 399 -   1.00000 0.00000 0.00000 0.00000 ( 1)
 400 -   1.00000 0.00000 0.00000 0.00000 ( 1)
 401 -   1.00000 0.00000 0.00000 0.00000 ( 1)
 402 -   1.00000 0.00000 0.00000 0.00000 ( 1)
 403 -   1.00000 0.00000 0.00000 0.00000 ( 1)
 404 -   1.00000 0.00000 0.00000 0.00000 ( 1)
 405 -   1.00000 0.00000 0.00000 0.00000 ( 1)
 406 -   1.00000 0.00000 0.00000 0.00000 ( 1)
 407 -   1.00000 0.00000 0.00000 0.00000 ( 1)
 408 -   1.00000 0.00000 0.00000 0.00000 ( 1)
 409 -   1.00000 0.00000 0.00000 0.00000 ( 1)
 410 -   1.00000 0.00000 0.00000 0.00000 ( 1)
 411 -   1.00000 0.00000 0.00000 0.00000 ( 1)
 412 -   1.00000 0.00000 0.00000 0.00000 ( 1)
 413 -   1.00000 0.00000 0.00000 0.00000 ( 1)
 414 -   1.00000 0.00000 0.00000 0.00000 ( 1)
 415 -   1.00000 0.00000 0.00000 0.00000 ( 1)
 416 -   1.00000 0.00000 0.00000 0.00000 ( 1)
 417 -   1.00000 0.00000 0.00000 0.00000 ( 1)
 418 -   1.00000 0.00000 0.00000 0.00000 ( 1)
 419 -   1.00000 0.00000 0.00000 0.00000 ( 1)
 420 -   1.00000 0.00000 0.00000 0.00000 ( 1)
 421 -   1.00000 0.00000 0.00000 0.00000 ( 1)
 422 -   1.00000 0.00000 0.00000 0.00000 ( 1)
 423 -   1.00000 0.00000 0.00000 0.00000 ( 1)
 424 -   1.00000 0.00000 0.00000 0.00000 ( 1)
 425 -   1.00000 0.00000 0.00000 0.00000 ( 1)
 426 -   1.00000 0.00000 0.00000 0.00000 ( 1)
 427 -   1.00000 0.00000 0.00000 0.00000 ( 1)
 428 -   1.00000 0.00000 0.00000 0.00000 ( 1)
 429 -   1.00000 0.00000 0.00000 0.00000 ( 1)
 430 -   1.00000 0.00000 0.00000 0.00000 ( 1)
 431 -   1.00000 0.00000 0.00000 0.00000 ( 1)
 432 -   1.00000 0.00000 0.00000 0.00000 ( 1)
 433 -   1.00000 0.00000 0.00000 0.00000 ( 1)
 434 -   1.00000 0.00000 0.00000 0.00000 ( 1)
 435 -   1.00000 0.00000 0.00000 0.00000 ( 1)
 436 -   1.00000 0.00000 0.00000 0.00000 ( 1)
 437 -   1.00000 0.00000 0.00000 0.00000 ( 1)
 438 -   1.00000 0.00000 0.00000 0.00000 ( 1)
 439 -   1.00000 0.00000 0.00000 0.00000 ( 1)
 440 -   1.00000 0.00000 0.00000 0.00000 ( 1)
 441 -   1.00000 0.00000 0.00000 0.00000 ( 1)
 442 -   1.00000 0.00000 0.00000 0.00000 ( 1)
 443 -   1.00000 0.00000 0.00000 0.00000 ( 1)
 444 -   1.00000 0.00000 0.00000 0.00000 ( 1)
 445 -   1.00000 0.00000 0.00000 0.00000 ( 1)
 446 -   1.00000 0.00000 0.00000 0.00000 ( 1)
 447 *   1.00000 0.00000 0.00000 0.00000 ( 1)
 448 -   1.00000 0.00000 0.00000 0.00000 ( 1)
 449 -   1.00000 0.00000 0.00000 0.00000 ( 1)
 450 -   1.00000 0.00000 0.00000 0.00000 ( 1)
 451 -   1.00000 0.00000 0.00000 0.00000 ( 1)
 452 -   1.00000 0.00000 0.00000 0.00000 ( 1)
 453 -   1.00000 0.00000 0.00000 0.00000 ( 1)
 454 -   1.00000 0.00000 0.00000 0.00000 ( 1)
 455 E   1.00000 0.00000 0.00000 0.00000 ( 1)
 456 -   1.00000 0.00000 0.00000 0.00000 ( 1)
 457 -   1.00000 0.00000 0.00000 0.00000 ( 1)
 458 -   1.00000 0.00000 0.00000 0.00000 ( 1)
 459 -   1.00000 0.00000 0.00000 0.00000 ( 1)
 460 -   1.00000 0.00000 0.00000 0.00000 ( 1)
 461 -   1.00000 0.00000 0.00000 0.00000 ( 1)
 462 -   1.00000 0.00000 0.00000 0.00000 ( 1)
 463 -   1.00000 0.00000 0.00000 0.00000 ( 1)
 464 -   1.00000 0.00000 0.00000 0.00000 ( 1)
 465 -   1.00000 0.00000 0.00000 0.00000 ( 1)
 466 *   1.00000 0.00000 0.00000 0.00000 ( 1)
 467 *   1.00000 0.00000 0.00000 0.00000 ( 1)
 468 V   1.00000 0.00000 0.00000 0.00000 ( 1)
 469 V   1.00000 0.00000 0.00000 0.00000 ( 1)
 470 Q   1.00000 0.00000 0.00000 0.00000 ( 1)
 471 L   1.00000 0.00000 0.00000 0.00000 ( 1)
 472 L   1.00000 0.00000 0.00000 0.00000 ( 1)
 473 D   1.00000 0.00000 0.00000 0.00000 ( 1)
 474 R   1.00000 0.00000 0.00000 0.00000 ( 1)
 475 S   1.00000 0.00000 0.00000 0.00000 ( 1)
 476 P   1.00000 0.00000 0.00000 0.00000 ( 1)
 477 K   1.00000 0.00000 0.00000 0.00000 ( 1)
 478 T   1.00000 0.00000 0.00000 0.00000 ( 1)
 479 V   1.00000 0.00000 0.00000 0.00000 ( 1)
 480 V   1.00000 0.00000 0.00000 0.00000 ( 1)
 481 V   1.00000 0.00000 0.00000 0.00000 ( 1)
 482 I   1.00000 0.00000 0.00000 0.00000 ( 1)
 483 R   1.00000 0.00000 0.00000 0.00000 ( 1)
 484 T   1.00000 0.00000 0.00000 0.00000 ( 1)
 485 A   1.00000 0.00000 0.00000 0.00000 ( 1)
 486 N   1.00000 0.00000 0.00000 0.00000 ( 1)
 487 *   1.00000 0.00000 0.00000 0.00000 ( 1)
 488 *   1.00000 0.00000 0.00000 0.00000 ( 1)
 489 -   1.00000 0.00000 0.00000 0.00000 ( 1)
 490 -   1.00000 0.00000 0.00000 0.00000 ( 1)
 491 -   1.00000 0.00000 0.00000 0.00000 ( 1)
 492 -   1.00000 0.00000 0.00000 0.00000 ( 1)
 493 -   1.00000 0.00000 0.00000 0.00000 ( 1)
 494 -   1.00000 0.00000 0.00000 0.00000 ( 1)
 495 -   1.00000 0.00000 0.00000 0.00000 ( 1)
 496 -   1.00000 0.00000 0.00000 0.00000 ( 1)
 497 -   1.00000 0.00000 0.00000 0.00000 ( 1)
 498 -   1.00000 0.00000 0.00000 0.00000 ( 1)
 499 -   1.00000 0.00000 0.00000 0.00000 ( 1)
 500 -   1.00000 0.00000 0.00000 0.00000 ( 1)
 501 -   1.00000 0.00000 0.00000 0.00000 ( 1)
 502 -   1.00000 0.00000 0.00000 0.00000 ( 1)
 503 -   1.00000 0.00000 0.00000 0.00000 ( 1)
 504 -   1.00000 0.00000 0.00000 0.00000 ( 1)
 505 -   1.00000 0.00000 0.00000 0.00000 ( 1)
 506 -   1.00000 0.00000 0.00000 0.00000 ( 1)
 507 -   1.00000 0.00000 0.00000 0.00000 ( 1)
 508 -   1.00000 0.00000 0.00000 0.00000 ( 1)
 509 -   1.00000 0.00000 0.00000 0.00000 ( 1)
 510 -   1.00000 0.00000 0.00000 0.00000 ( 1)
 511 -   1.00000 0.00000 0.00000 0.00000 ( 1)
 512 -   1.00000 0.00000 0.00000 0.00000 ( 1)
 513 -   1.00000 0.00000 0.00000 0.00000 ( 1)
 514 -   1.00000 0.00000 0.00000 0.00000 ( 1)
 515 -   1.00000 0.00000 0.00000 0.00000 ( 1)
 516 -   1.00000 0.00000 0.00000 0.00000 ( 1)
 517 -   1.00000 0.00000 0.00000 0.00000 ( 1)
 518 -   1.00000 0.00000 0.00000 0.00000 ( 1)
 519 -   1.00000 0.00000 0.00000 0.00000 ( 1)
 520 -   1.00000 0.00000 0.00000 0.00000 ( 1)
 521 -   1.00000 0.00000 0.00000 0.00000 ( 1)
 522 -   1.00000 0.00000 0.00000 0.00000 ( 1)
 523 -   1.00000 0.00000 0.00000 0.00000 ( 1)
 524 -   1.00000 0.00000 0.00000 0.00000 ( 1)
 525 -   1.00000 0.00000 0.00000 0.00000 ( 1)
 526 -   1.00000 0.00000 0.00000 0.00000 ( 1)
 527 -   1.00000 0.00000 0.00000 0.00000 ( 1)
 528 -   1.00000 0.00000 0.00000 0.00000 ( 1)
 529 -   1.00000 0.00000 0.00000 0.00000 ( 1)
 530 -   1.00000 0.00000 0.00000 0.00000 ( 1)
 531 -   1.00000 0.00000 0.00000 0.00000 ( 1)
 532 -   1.00000 0.00000 0.00000 0.00000 ( 1)
 533 -   1.00000 0.00000 0.00000 0.00000 ( 1)
 534 -   1.00000 0.00000 0.00000 0.00000 ( 1)
 535 -   1.00000 0.00000 0.00000 0.00000 ( 1)
 536 -   1.00000 0.00000 0.00000 0.00000 ( 1)
 537 -   1.00000 0.00000 0.00000 0.00000 ( 1)
 538 -   1.00000 0.00000 0.00000 0.00000 ( 1)
 539 -   1.00000 0.00000 0.00000 0.00000 ( 1)
 540 -   1.00000 0.00000 0.00000 0.00000 ( 1)
 541 -   1.00000 0.00000 0.00000 0.00000 ( 1)
 542 -   1.00000 0.00000 0.00000 0.00000 ( 1)
 543 -   1.00000 0.00000 0.00000 0.00000 ( 1)
 544 -   1.00000 0.00000 0.00000 0.00000 ( 1)
 545 -   1.00000 0.00000 0.00000 0.00000 ( 1)
 546 -   1.00000 0.00000 0.00000 0.00000 ( 1)
 547 -   1.00000 0.00000 0.00000 0.00000 ( 1)
 548 -   1.00000 0.00000 0.00000 0.00000 ( 1)
 549 -   1.00000 0.00000 0.00000 0.00000 ( 1)
 550 -   1.00000 0.00000 0.00000 0.00000 ( 1)
 551 -   1.00000 0.00000 0.00000 0.00000 ( 1)
 552 -   1.00000 0.00000 0.00000 0.00000 ( 1)
 553 -   1.00000 0.00000 0.00000 0.00000 ( 1)
 554 -   1.00000 0.00000 0.00000 0.00000 ( 1)
 555 -   1.00000 0.00000 0.00000 0.00000 ( 1)
 556 -   1.00000 0.00000 0.00000 0.00000 ( 1)
 557 *   1.00000 0.00000 0.00000 0.00000 ( 1)
 558 P   1.00000 0.00000 0.00000 0.00000 ( 1)
 559 L   1.00000 0.00000 0.00000 0.00000 ( 1)
 560 E   1.00000 0.00000 0.00000 0.00000 ( 1)
 561 T   1.00000 0.00000 0.00000 0.00000 ( 1)
 562 -   1.00000 0.00000 0.00000 0.00000 ( 1)


lnL = -2470.928103

Bayes Empirical Bayes (BEB) probabilities for 4 classes (class)
(amino acids refer to 1st sequence: Cadus)

   1 -   0.77643 0.08312 0.12609 0.01436 ( 1)
   2 -   0.76908 0.08903 0.12639 0.01550 ( 1)
   3 -   0.77347 0.08549 0.12622 0.01482 ( 1)
   4 -   0.77265 0.08615 0.12625 0.01494 ( 1)
   5 -   0.77272 0.08609 0.12625 0.01493 ( 1)
   6 -   0.77272 0.08609 0.12625 0.01493 ( 1)
   7 -   0.77072 0.08770 0.12633 0.01525 ( 1)
   8 -   0.76749 0.09031 0.12644 0.01576 ( 1)
   9 -   0.77034 0.08801 0.12634 0.01531 ( 1)
  10 -   0.77172 0.08690 0.12629 0.01509 ( 1)
  11 -   0.77272 0.08609 0.12625 0.01493 ( 1)
  12 -   0.77104 0.08745 0.12632 0.01520 ( 1)
  13 -   0.77110 0.08740 0.12631 0.01519 ( 1)
  14 -   0.76907 0.08903 0.12639 0.01551 ( 1)
  15 -   0.77172 0.08690 0.12629 0.01509 ( 1)
  16 -   0.76945 0.08873 0.12637 0.01545 ( 1)
  17 -   0.77268 0.08613 0.12625 0.01494 ( 1)
  18 -   0.76964 0.08858 0.12637 0.01542 ( 1)
  19 -   0.77643 0.08312 0.12609 0.01436 ( 1)
  20 -   0.77268 0.08613 0.12625 0.01494 ( 1)
  21 -   0.77268 0.08613 0.12625 0.01494 ( 1)
  22 -   0.77268 0.08613 0.12625 0.01494 ( 1)
  23 -   0.76907 0.08903 0.12639 0.01551 ( 1)
  24 -   0.77263 0.08616 0.12625 0.01495 ( 1)
  25 -   0.77347 0.08549 0.12622 0.01482 ( 1)
  26 -   0.77306 0.08592 0.12613 0.01489 ( 1)
  27 *   0.77271 0.08610 0.12625 0.01493 ( 1)
  28 -   0.77213 0.08657 0.12627 0.01502 ( 1)
  29 Q   0.77023 0.08810 0.12635 0.01532 ( 1)
  30 *   0.77271 0.08610 0.12625 0.01493 ( 1)
  31 E   0.77313 0.08578 0.12621 0.01487 ( 1)
  32 Y   0.77128 0.08725 0.12631 0.01516 ( 1)
  33 L   0.76964 0.08858 0.12637 0.01542 ( 1)
  34 D   0.77349 0.08548 0.12622 0.01481 ( 1)
  35 *   0.77237 0.08638 0.12626 0.01499 ( 1)
  36 -   0.77322 0.08569 0.12623 0.01485 ( 1)
  37 -   0.77213 0.08657 0.12627 0.01502 ( 1)
  38 -   0.77242 0.08639 0.12620 0.01498 ( 1)
  39 -   0.76945 0.08873 0.12637 0.01545 ( 1)
  40 -   0.77207 0.08662 0.12628 0.01503 ( 1)
  41 -   0.76944 0.08873 0.12638 0.01545 ( 1)
  42 -   0.77272 0.08609 0.12625 0.01493 ( 1)
  43 -   0.77347 0.08549 0.12622 0.01482 ( 1)
  44 -   0.77356 0.08542 0.12622 0.01480 ( 1)
  45 -   0.77265 0.08615 0.12625 0.01494 ( 1)
  46 -   0.77247 0.08632 0.12624 0.01497 ( 1)
  47 -   0.76905 0.08905 0.12639 0.01551 ( 1)
  48 -   0.77023 0.08810 0.12635 0.01532 ( 1)
  49 -   0.77279 0.08604 0.12625 0.01492 ( 1)
  50 -   0.77271 0.08610 0.12625 0.01493 ( 1)
  51 -   0.77086 0.08759 0.12632 0.01522 ( 1)
  52 -   0.77088 0.08758 0.12633 0.01522 ( 1)
  53 -   0.77023 0.08810 0.12635 0.01532 ( 1)
  54 -   0.77643 0.08312 0.12609 0.01436 ( 1)
  55 -   0.76944 0.08873 0.12638 0.01545 ( 1)
  56 -   0.76905 0.08905 0.12639 0.01551 ( 1)
  57 -   0.77355 0.08543 0.12622 0.01480 ( 1)
  58 -   0.77192 0.08687 0.12614 0.01507 ( 1)
  59 -   0.43261 0.42562 0.06763 0.07414 ( 1)
  60 -   0.77355 0.08543 0.12622 0.01480 ( 1)
  61 -   0.77106 0.08743 0.12632 0.01519 ( 1)
  62 -   0.77128 0.08725 0.12631 0.01516 ( 1)
  63 -   0.77110 0.08740 0.12631 0.01519 ( 1)
  64 -   0.77182 0.08682 0.12629 0.01507 ( 1)
  65 -   0.77130 0.08723 0.12631 0.01515 ( 1)
  66 -   0.77322 0.08569 0.12623 0.01485 ( 1)
  67 -   0.77237 0.08638 0.12626 0.01499 ( 1)
  68 -   0.77023 0.08810 0.12635 0.01532 ( 1)
  69 -   0.77184 0.08686 0.12622 0.01508 ( 1)
  70 -   0.76907 0.08903 0.12639 0.01551 ( 1)
  71 -   0.77086 0.08759 0.12632 0.01522 ( 1)
  72 -   0.77258 0.08621 0.12626 0.01495 ( 1)
  73 -   0.77034 0.08801 0.12634 0.01531 ( 1)
  74 -   0.77322 0.08569 0.12623 0.01485 ( 1)
  75 *   0.77079 0.08765 0.12633 0.01524 ( 1)
  76 M   0.43691 0.42240 0.06764 0.07305 ( 1)
  77 -   0.77318 0.08574 0.12622 0.01486 ( 1)
  78 *   0.77322 0.08569 0.12623 0.01485 ( 1)
  79 -   0.77349 0.08548 0.12622 0.01481 ( 1)
  80 *   0.77086 0.08759 0.12632 0.01522 ( 1)
  81 L   0.76958 0.08863 0.12636 0.01543 ( 1)
  82 L   0.76907 0.08903 0.12639 0.01551 ( 1)
  83 A   0.77207 0.08662 0.12628 0.01503 ( 1)
  84 A   0.77207 0.08662 0.12628 0.01503 ( 1)
  85 L   0.76810 0.08982 0.12642 0.01566 ( 1)
  86 Q   0.77023 0.08810 0.12635 0.01532 ( 1)
  87 W   0.76908 0.08903 0.12639 0.01550 ( 1)
  88 Q   0.77023 0.08810 0.12635 0.01532 ( 1)
  89 V   0.77268 0.08613 0.12625 0.01494 ( 1)
  90 P   0.77106 0.08743 0.12632 0.01519 ( 1)
  91 D   0.77356 0.08542 0.12622 0.01480 ( 1)
  92 V   0.77268 0.08613 0.12625 0.01494 ( 1)
  93 G   0.77189 0.08676 0.12628 0.01506 ( 1)
  94 P   0.76875 0.08929 0.12640 0.01556 ( 1)
  95 V   0.77263 0.08616 0.12625 0.01495 ( 1)
  96 P   0.77100 0.08748 0.12632 0.01520 ( 1)
  97 F   0.77279 0.08604 0.12625 0.01492 ( 1)
  98 L   0.76913 0.08909 0.12628 0.01551 ( 1)
  99 K   0.77299 0.08593 0.12619 0.01490 ( 1)
 100 S   0.77258 0.08621 0.12626 0.01495 ( 1)
 101 T   0.77161 0.08709 0.12618 0.01511 ( 1)
 102 D   0.77349 0.08548 0.12622 0.01481 ( 1)
 103 P   0.77106 0.08743 0.12632 0.01519 ( 1)
 104 S   0.77092 0.08754 0.12632 0.01521 ( 1)
 105 S   0.77086 0.08759 0.12632 0.01522 ( 1)
 106 S   0.77258 0.08621 0.12626 0.01495 ( 1)
 107 Y   0.77128 0.08725 0.12631 0.01516 ( 1)
 108 F   0.77279 0.08604 0.12625 0.01492 ( 1)
 109 V   0.77271 0.08610 0.12625 0.01493 ( 1)
 110 I   0.77347 0.08549 0.12622 0.01482 ( 1)
 111 L   0.76964 0.08858 0.12637 0.01542 ( 1)
 112 N   0.77348 0.08549 0.12622 0.01481 ( 1)
 113 S   0.77092 0.08754 0.12632 0.01521 ( 1)
 114 A   0.76945 0.08873 0.12637 0.01545 ( 1)
 115 A   0.77207 0.08662 0.12628 0.01503 ( 1)
 116 F   0.77272 0.08609 0.12625 0.01493 ( 1)
 117 F   0.77272 0.08609 0.12625 0.01493 ( 1)
 118 K   0.77322 0.08570 0.12623 0.01486 ( 1)
 119 V   0.77268 0.08613 0.12625 0.01494 ( 1)
 120 G   0.76905 0.08905 0.12639 0.01551 ( 1)
 121 S   0.77258 0.08621 0.12626 0.01495 ( 1)
 122 Q   0.76850 0.08953 0.12637 0.01560 ( 1)
 123 L   0.76724 0.09047 0.12649 0.01580 ( 1)
 124 E   0.76981 0.08862 0.12617 0.01540 ( 1)
 125 V   0.77147 0.08733 0.12604 0.01515 ( 1)
 126 L   0.76907 0.08903 0.12639 0.01551 ( 1)
 127 V   0.77271 0.08610 0.12625 0.01493 ( 1)
 128 H   0.77237 0.08638 0.12626 0.01499 ( 1)
 129 V   0.76982 0.08843 0.12636 0.01539 ( 1)
 130 Q   0.76939 0.08894 0.12620 0.01547 ( 1)
 131 D   0.77223 0.08676 0.12599 0.01503 ( 1)
 132 F   0.77279 0.08604 0.12625 0.01492 ( 1)
 133 Q   0.76870 0.08934 0.12640 0.01557 ( 1)
 134 R   0.76976 0.08848 0.12636 0.01540 ( 1)
 135 K   0.77322 0.08570 0.12623 0.01486 ( 1)
 136 P   0.77077 0.08771 0.12628 0.01524 ( 1)
 137 K   0.77322 0.08570 0.12623 0.01486 ( 1)
 138 K   0.77072 0.08770 0.12633 0.01525 ( 1)
 139 Y   0.77135 0.08720 0.12630 0.01515 ( 1)
 140 G   0.77189 0.08676 0.12628 0.01506 ( 1)
 141 G   0.76905 0.08905 0.12639 0.01551 ( 1)
 142 D   0.77349 0.08548 0.12622 0.01481 ( 1)
 143 Y   0.77067 0.08787 0.12620 0.01526 ( 1)
 144 L   0.76907 0.08903 0.12639 0.01551 ( 1)
 145 Q   0.77023 0.08810 0.12635 0.01532 ( 1)
 146 A   0.77207 0.08662 0.12628 0.01503 ( 1)
 147 R   0.76976 0.08848 0.12636 0.01540 ( 1)
 148 I   0.77347 0.08549 0.12622 0.01482 ( 1)
 149 H   0.77231 0.08643 0.12627 0.01500 ( 1)
 150 S   0.77086 0.08759 0.12632 0.01522 ( 1)
 151 P   0.77106 0.08743 0.12632 0.01519 ( 1)
 152 K   0.77322 0.08570 0.12623 0.01486 ( 1)
 153 L   0.76907 0.08903 0.12639 0.01551 ( 1)
 154 Q   0.77023 0.08810 0.12635 0.01532 ( 1)
 155 A   0.76945 0.08873 0.12637 0.01545 ( 1)
 156 G   0.77186 0.08679 0.12628 0.01507 ( 1)
 157 A   0.77215 0.08656 0.12627 0.01502 ( 1)
 158 *   0.77268 0.08613 0.12625 0.01494 ( 1)
 159 -   0.77182 0.08682 0.12629 0.01507 ( 1)
 160 -   0.76968 0.08856 0.12635 0.01541 ( 1)
 161 -   0.77268 0.08613 0.12625 0.01494 ( 1)
 162 -   0.76982 0.08843 0.12636 0.01539 ( 1)
 163 -   0.77349 0.08548 0.12622 0.01481 ( 1)
 164 -   0.77128 0.08725 0.12631 0.01516 ( 1)
 165 -   0.77023 0.08810 0.12635 0.01532 ( 1)
 166 *   0.77169 0.08558 0.12776 0.01498 ( 1)
 167 G   0.77035 0.08691 0.12753 0.01521 ( 1)
 168 -   0.77205 0.08610 0.12686 0.01499 ( 1)
 169 -   0.77128 0.08725 0.12631 0.01516 ( 1)
 170 -   0.77322 0.08570 0.12623 0.01486 ( 1)
 171 V   0.77263 0.08616 0.12625 0.01495 ( 1)
 172 F   0.77279 0.08604 0.12625 0.01492 ( 1)
 173 F   0.77279 0.08604 0.12625 0.01492 ( 1)
 174 T   0.77213 0.08657 0.12627 0.01502 ( 1)
 175 L   0.76964 0.08858 0.12637 0.01542 ( 1)
 176 L   0.77165 0.08696 0.12629 0.01510 ( 1)
 177 W   0.76908 0.08903 0.12639 0.01550 ( 1)
 178 P   0.76875 0.08929 0.12640 0.01556 ( 1)
 179 G   0.77136 0.08728 0.12621 0.01515 ( 1)
 180 K   0.77072 0.08770 0.12633 0.01525 ( 1)
 181 V   0.77271 0.08610 0.12625 0.01493 ( 1)
 182 K   0.77072 0.08770 0.12633 0.01525 ( 1)
 183 V   0.77268 0.08613 0.12625 0.01494 ( 1)
 184 S   0.77086 0.08759 0.12632 0.01522 ( 1)
 185 I   0.77319 0.08572 0.12623 0.01486 ( 1)
 186 S   0.77092 0.08754 0.12632 0.01521 ( 1)
 187 L   0.76907 0.08903 0.12639 0.01551 ( 1)
 188 V   0.77263 0.08616 0.12625 0.01495 ( 1)
 189 H   0.77231 0.08643 0.12627 0.01500 ( 1)
 190 P   0.77103 0.08745 0.12632 0.01520 ( 1)
 191 T   0.77213 0.08657 0.12627 0.01502 ( 1)
 192 E   0.76981 0.08862 0.12617 0.01540 ( 1)
 193 G   0.77077 0.08787 0.12610 0.01526 ( 1)
 194 I   0.77347 0.08549 0.12622 0.01482 ( 1)
 195 R   0.76917 0.08906 0.12626 0.01550 ( 1)
 196 V   0.77150 0.08731 0.12604 0.01514 ( 1)
 197 L   0.77065 0.08797 0.12611 0.01527 ( 1)
 198 Q   0.76939 0.08894 0.12620 0.01547 ( 1)
 199 H   0.77116 0.08758 0.12607 0.01520 ( 1)
 200 L   0.76706 0.09074 0.12637 0.01583 ( 1)
 201 Q   0.76939 0.08894 0.12620 0.01547 ( 1)
 202 E   0.76981 0.08862 0.12617 0.01540 ( 1)
 203 E   0.77194 0.08698 0.12601 0.01508 ( 1)
 204 K   0.77193 0.08698 0.12601 0.01508 ( 1)
 205 P   0.76799 0.09005 0.12627 0.01569 ( 1)
 206 H   0.77116 0.08758 0.12607 0.01520 ( 1)
 207 R   0.77241 0.08635 0.12626 0.01498 ( 1)
 208 V   0.77069 0.08757 0.12651 0.01524 ( 1)
 209 Y   0.77034 0.08821 0.12613 0.01532 ( 1)
 210 F   0.77151 0.08731 0.12604 0.01514 ( 1)
 211 K   0.77193 0.08698 0.12601 0.01508 ( 1)
 212 S   0.77145 0.08735 0.12605 0.01515 ( 1)
 213 L   0.77060 0.08801 0.12611 0.01528 ( 1)
 214 F   0.77151 0.08731 0.12604 0.01514 ( 1)
 215 R   0.76991 0.08854 0.12616 0.01539 ( 1)
 216 S   0.76779 0.09011 0.12638 0.01571 ( 1)
 217 G   0.76905 0.08905 0.12639 0.01551 ( 1)
 218 R   0.76976 0.08848 0.12636 0.01540 ( 1)
 219 I   0.77355 0.08543 0.12622 0.01480 ( 1)
 220 S   0.77092 0.08754 0.12632 0.01521 ( 1)
 221 E   0.77073 0.08770 0.12633 0.01524 ( 1)
 222 T   0.77136 0.08733 0.12616 0.01516 ( 1)
 223 T   0.77210 0.08659 0.12628 0.01503 ( 1)
 224 E   0.77322 0.08569 0.12623 0.01485 ( 1)
 225 C   0.77101 0.08747 0.12631 0.01520 ( 1)
 226 N   0.77302 0.08596 0.12612 0.01490 ( 1)
 227 V   0.77268 0.08613 0.12625 0.01494 ( 1)
 228 C   0.77110 0.08740 0.12631 0.01519 ( 1)
 229 L   0.77172 0.08690 0.12629 0.01509 ( 1)
 230 P   0.77106 0.08743 0.12632 0.01519 ( 1)
 231 G   0.77186 0.08679 0.12628 0.01507 ( 1)
 232 S   0.77265 0.08615 0.12625 0.01494 ( 1)
 233 L   0.76907 0.08903 0.12639 0.01551 ( 1)
 234 P   0.77100 0.08748 0.12632 0.01520 ( 1)
 235 L   0.76964 0.08858 0.12637 0.01542 ( 1)
 236 C   0.77110 0.08740 0.12631 0.01519 ( 1)
 237 N   0.77348 0.08549 0.12622 0.01481 ( 1)
 238 F   0.77279 0.08604 0.12625 0.01492 ( 1)
 239 T   0.76944 0.08873 0.12638 0.01545 ( 1)
 240 D   0.77356 0.08542 0.12622 0.01480 ( 1)
 241 L   0.77165 0.08696 0.12629 0.01510 ( 1)
 242 Y   0.77128 0.08725 0.12631 0.01516 ( 1)
 243 T   0.77213 0.08657 0.12627 0.01502 ( 1)
 244 G   0.76905 0.08905 0.12639 0.01551 ( 1)
 245 E   0.77073 0.08770 0.12633 0.01524 ( 1)
 246 P   0.77100 0.08748 0.12632 0.01520 ( 1)
 247 W   0.76908 0.08903 0.12639 0.01550 ( 1)
 248 F   0.77272 0.08609 0.12625 0.01493 ( 1)
 249 C   0.77104 0.08745 0.12632 0.01520 ( 1)
 250 F   0.77272 0.08609 0.12625 0.01493 ( 1)
 251 K   0.77072 0.08770 0.12633 0.01525 ( 1)
 252 P   0.76875 0.08929 0.12640 0.01556 ( 1)
 253 K   0.77322 0.08570 0.12623 0.01486 ( 1)
 254 K   0.77322 0.08570 0.12623 0.01486 ( 1)
 255 L   0.77165 0.08696 0.12629 0.01510 ( 1)
 256 P   0.77106 0.08743 0.12632 0.01519 ( 1)
 257 C   0.77104 0.08745 0.12632 0.01520 ( 1)
 258 S   0.77258 0.08621 0.12626 0.01495 ( 1)
 259 S   0.77258 0.08621 0.12626 0.01495 ( 1)
 260 R   0.76976 0.08848 0.12636 0.01540 ( 1)
 261 I   0.77355 0.08543 0.12622 0.01480 ( 1)
 262 N   0.77348 0.08549 0.12622 0.01481 ( 1)
 263 H   0.77237 0.08638 0.12626 0.01499 ( 1)
 264 F   0.77272 0.08609 0.12625 0.01493 ( 1)
 265 K   0.77067 0.08775 0.12632 0.01525 ( 1)
 266 G   0.76891 0.08920 0.12636 0.01553 ( 1)
 267 G   0.76891 0.08920 0.12636 0.01553 ( 1)
 268 Y   0.77107 0.08747 0.12627 0.01520 ( 1)
 269 L   0.76879 0.08931 0.12634 0.01555 ( 1)
 270 K   0.77294 0.08597 0.12618 0.01490 ( 1)
 271 G   0.77159 0.08705 0.12625 0.01511 ( 1)
 272 L   0.77149 0.08713 0.12625 0.01513 ( 1)
 273 L   0.76893 0.08918 0.12636 0.01553 ( 1)
 274 *   0.77189 0.08681 0.12623 0.01507 ( 1)
 275 -   0.43573 0.42306 0.06779 0.07342 ( 1)
 276 -   0.76930 0.08888 0.12635 0.01547 ( 1)
 277 -   0.77295 0.08597 0.12618 0.01490 ( 1)
 278 -   0.77327 0.08571 0.12617 0.01485 ( 1)
 279 -   0.77190 0.08680 0.12623 0.01506 ( 1)
 280 -   0.77246 0.08635 0.12621 0.01498 ( 1)
 281 -   0.77246 0.08635 0.12621 0.01498 ( 1)
 282 -   0.77005 0.08828 0.12632 0.01535 ( 1)
 283 *   0.77242 0.08638 0.12621 0.01498 ( 1)
 284 G   0.77131 0.08735 0.12618 0.01516 ( 1)
 285 V   0.77199 0.08681 0.12614 0.01506 ( 1)
 286 N   0.77284 0.08614 0.12609 0.01493 ( 1)
 287 I   0.77276 0.08620 0.12610 0.01494 ( 1)
 288 K   0.77023 0.08820 0.12624 0.01533 ( 1)
 289 M   0.77550 0.08405 0.12593 0.01452 ( 1)
 290 P   0.76842 0.08963 0.12634 0.01561 ( 1)
 291 I   0.77276 0.08620 0.12610 0.01494 ( 1)
 292 N   0.77277 0.08620 0.12610 0.01494 ( 1)
 293 S   0.77036 0.08809 0.12624 0.01531 ( 1)
 294 S   0.77265 0.08615 0.12625 0.01494 ( 1)
 295 G   0.76893 0.08917 0.12637 0.01553 ( 1)
 296 P   0.77106 0.08743 0.12632 0.01519 ( 1)
 297 D   0.77356 0.08542 0.12622 0.01480 ( 1)
 298 W   0.76908 0.08903 0.12639 0.01550 ( 1)
 299 V   0.77268 0.08613 0.12625 0.01494 ( 1)
 300 T   0.77213 0.08657 0.12627 0.01502 ( 1)
 301 V   0.77268 0.08613 0.12625 0.01494 ( 1)
 302 I   0.77355 0.08543 0.12622 0.01480 ( 1)
 303 P   0.77100 0.08748 0.12632 0.01520 ( 1)
 304 T   0.77026 0.08792 0.12652 0.01531 ( 1)
 305 S   0.77258 0.08621 0.12626 0.01495 ( 1)
 306 I   0.77347 0.08549 0.12622 0.01482 ( 1)
 307 K   0.77059 0.08783 0.12631 0.01527 ( 1)
 308 E   0.76988 0.08784 0.12694 0.01533 ( 1)
 309 M   0.43864 0.41862 0.06933 0.07340 ( 1)
 310 K   0.77322 0.08570 0.12623 0.01486 ( 1)
 311 N   0.77355 0.08543 0.12622 0.01480 ( 1)
 312 S   0.76805 0.08986 0.12642 0.01567 ( 1)
 313 E   0.77073 0.08770 0.12633 0.01524 ( 1)
 314 L   0.76749 0.09031 0.12644 0.01576 ( 1)
 315 S   0.77092 0.08754 0.12632 0.01521 ( 1)
 316 Q   0.76870 0.08934 0.12640 0.01557 ( 1)
 317 G   0.77182 0.08682 0.12629 0.01507 ( 1)
 318 S   0.76805 0.08986 0.12642 0.01567 ( 1)
 319 G   0.76905 0.08905 0.12639 0.01551 ( 1)
 320 I   0.77355 0.08543 0.12622 0.01480 ( 1)
 321 F   0.77279 0.08604 0.12625 0.01492 ( 1)
 322 P   0.77106 0.08743 0.12632 0.01519 ( 1)
 323 S   0.77092 0.08754 0.12632 0.01521 ( 1)
 324 G   0.77186 0.08679 0.12628 0.01507 ( 1)
 325 Y   0.77135 0.08720 0.12630 0.01515 ( 1)
 326 Y   0.77135 0.08720 0.12630 0.01515 ( 1)
 327 Y   0.77135 0.08720 0.12630 0.01515 ( 1)
 328 K   0.77072 0.08770 0.12633 0.01525 ( 1)
 329 *   0.77356 0.08542 0.12622 0.01480 ( 1)
 330 *   0.76870 0.08934 0.12640 0.01557 ( 1)
 331 W   0.76908 0.08903 0.12639 0.01550 ( 1)
 332 R   0.77241 0.08635 0.12626 0.01498 ( 1)
 333 P   0.77100 0.08748 0.12632 0.01520 ( 1)
 334 R   0.76976 0.08848 0.12636 0.01540 ( 1)
 335 K   0.77322 0.08570 0.12623 0.01486 ( 1)
 336 F   0.77279 0.08604 0.12625 0.01492 ( 1)
 337 K   0.77322 0.08570 0.12623 0.01486 ( 1)
 338 M   0.77643 0.08312 0.12609 0.01436 ( 1)
 339 R   0.77079 0.08765 0.12633 0.01524 ( 1)
 340 Q   0.77023 0.08810 0.12635 0.01532 ( 1)
 341 F   0.77279 0.08604 0.12625 0.01492 ( 1)
 342 N   0.77355 0.08543 0.12622 0.01480 ( 1)
 343 D   0.77349 0.08548 0.12622 0.01481 ( 1)
 344 P   0.77106 0.08743 0.12632 0.01519 ( 1)
 345 D   0.77349 0.08548 0.12622 0.01481 ( 1)
 346 N   0.77348 0.08549 0.12622 0.01481 ( 1)
 347 I   0.77168 0.08558 0.12776 0.01498 ( 1)
 348 T   0.76845 0.08881 0.12719 0.01554 ( 1)
 349 E   0.76947 0.08780 0.12737 0.01537 ( 1)
 350 C   0.76971 0.08756 0.12741 0.01532 ( 1)
 351 L   0.76739 0.08988 0.12701 0.01573 ( 1)
 352 Q   0.76786 0.08941 0.12709 0.01565 ( 1)
 353 R   0.76870 0.08857 0.12724 0.01550 ( 1)
 354 K   0.76946 0.08781 0.12737 0.01537 ( 1)
 355 V   0.43601 0.42125 0.06887 0.07386 ( 1)
 356 V   0.77100 0.08626 0.12764 0.01510 ( 1)
 357 Y   0.76995 0.08731 0.12746 0.01528 ( 1)
 358 L   0.76767 0.08986 0.12678 0.01570 ( 1)
 359 F   0.77279 0.08604 0.12625 0.01492 ( 1)
 360 G   0.77189 0.08676 0.12628 0.01506 ( 1)
 361 D   0.77190 0.08561 0.12753 0.01496 ( 1)
 362 S   0.76769 0.08989 0.12672 0.01570 ( 1)
 363 T   0.76845 0.08881 0.12719 0.01554 ( 1)
 364 I   0.77162 0.08564 0.12775 0.01499 ( 1)
 365 R   0.77079 0.08648 0.12760 0.01513 ( 1)
 366 Q   0.76907 0.08819 0.12730 0.01543 ( 1)
 367 W   0.76816 0.08910 0.12714 0.01559 ( 1)
 368 F   0.77109 0.08618 0.12765 0.01508 ( 1)
 369 E   0.76946 0.08780 0.12737 0.01537 ( 1)
 370 Y   0.76990 0.08737 0.12745 0.01529 ( 1)
 371 L   0.77025 0.08702 0.12751 0.01523 ( 1)
 372 T   0.77057 0.08669 0.12756 0.01517 ( 1)
 373 A   0.77052 0.08674 0.12756 0.01518 ( 1)
 374 F   0.77109 0.08618 0.12765 0.01508 ( 1)
 375 V   0.77103 0.08624 0.12764 0.01509 ( 1)
 376 P   0.76770 0.08956 0.12706 0.01567 ( 1)
 377 *   0.77266 0.08550 0.12696 0.01489 ( 1)
 378 -   0.76810 0.08982 0.12642 0.01566 ( 1)
 379 -   0.77268 0.08613 0.12625 0.01494 ( 1)
 380 -   0.77322 0.08569 0.12623 0.01485 ( 1)
 381 -   0.77279 0.08604 0.12625 0.01492 ( 1)
 382 -   0.77348 0.08549 0.12622 0.01481 ( 1)
 383 -   0.76964 0.08858 0.12637 0.01542 ( 1)
 384 -   0.77189 0.08676 0.12628 0.01506 ( 1)
 385 -   0.77265 0.08615 0.12625 0.01494 ( 1)
 386 -   0.77100 0.08748 0.12632 0.01520 ( 1)
 387 -   0.77322 0.08570 0.12623 0.01486 ( 1)
 388 -   0.77327 0.08571 0.12617 0.01485 ( 1)
 389 -   0.77218 0.08663 0.12617 0.01503 ( 1)
 390 -   0.77144 0.08722 0.12620 0.01514 ( 1)
 391 -   0.77066 0.08783 0.12625 0.01526 ( 1)
 392 -   0.77222 0.08660 0.12616 0.01502 ( 1)
 393 -   0.77128 0.08734 0.12621 0.01517 ( 1)
 394 -   0.77103 0.08767 0.12609 0.01522 ( 1)
 395 -   0.77218 0.08663 0.12617 0.01503 ( 1)
 396 -   0.77294 0.08603 0.12612 0.01491 ( 1)
 397 -   0.76988 0.08845 0.12629 0.01538 ( 1)
 398 -   0.77256 0.08635 0.12612 0.01497 ( 1)
 399 -   0.77183 0.08691 0.12618 0.01508 ( 1)
 400 -   0.77293 0.08604 0.12612 0.01491 ( 1)
 401 -   0.77292 0.08604 0.12613 0.01491 ( 1)
 402 -   0.76879 0.08931 0.12634 0.01555 ( 1)
 403 -   0.77138 0.08723 0.12625 0.01515 ( 1)
 404 -   0.77072 0.08770 0.12633 0.01525 ( 1)
 405 -   0.77135 0.08720 0.12630 0.01515 ( 1)
 406 -   0.77079 0.08765 0.12633 0.01524 ( 1)
 407 -   0.77098 0.08751 0.12631 0.01521 ( 1)
 408 -   0.77237 0.08638 0.12626 0.01499 ( 1)
 409 -   0.77189 0.08676 0.12628 0.01506 ( 1)
 410 -   0.76875 0.08929 0.12640 0.01556 ( 1)
 411 -   0.77100 0.08748 0.12632 0.01520 ( 1)
 412 -   0.77347 0.08549 0.12622 0.01482 ( 1)
 413 -   0.77065 0.08780 0.12629 0.01526 ( 1)
 414 -   0.77274 0.08609 0.12624 0.01493 ( 1)
 415 -   0.76944 0.08873 0.12638 0.01545 ( 1)
 416 -   0.77213 0.08657 0.12627 0.01502 ( 1)
 417 -   0.77263 0.08616 0.12625 0.01495 ( 1)
 418 -   0.77256 0.08606 0.12644 0.01494 ( 1)
 419 -   0.77092 0.08634 0.12763 0.01511 ( 1)
 420 -   0.77098 0.08628 0.12764 0.01510 ( 1)
 421 -   0.77143 0.08584 0.12771 0.01502 ( 1)
 422 -   0.77019 0.08707 0.12750 0.01524 ( 1)
 423 -   0.76918 0.08808 0.12732 0.01542 ( 1)
 424 -   0.76995 0.08731 0.12746 0.01528 ( 1)
 425 -   0.77100 0.08626 0.12764 0.01510 ( 1)
 426 -   0.76846 0.08881 0.12719 0.01554 ( 1)
 427 -   0.77169 0.08558 0.12776 0.01498 ( 1)
 428 -   0.77143 0.08584 0.12771 0.01502 ( 1)
 429 -   0.76816 0.08911 0.12714 0.01559 ( 1)
 430 -   0.77169 0.08558 0.12776 0.01498 ( 1)
 431 -   0.77032 0.08694 0.12752 0.01522 ( 1)
 432 -   0.77155 0.08571 0.12774 0.01500 ( 1)
 433 -   0.76468 0.09259 0.12653 0.01620 ( 1)
 434 -   0.43531 0.42195 0.06875 0.07398 ( 1)
 435 -   0.76778 0.08948 0.12708 0.01566 ( 1)
 436 -   0.76977 0.08749 0.12742 0.01531 ( 1)
 437 -   0.77073 0.08653 0.12759 0.01514 ( 1)
 438 -   0.77092 0.08634 0.12762 0.01511 ( 1)
 439 -   0.76994 0.08732 0.12745 0.01528 ( 1)
 440 -   0.77035 0.08691 0.12753 0.01521 ( 1)
 441 -   0.77038 0.08689 0.12753 0.01521 ( 1)
 442 -   0.76992 0.08734 0.12745 0.01529 ( 1)
 443 -   0.77072 0.08655 0.12759 0.01515 ( 1)
 444 -   0.76997 0.08729 0.12746 0.01528 ( 1)
 445 -   0.77072 0.08655 0.12759 0.01515 ( 1)
 446 -   0.76780 0.08946 0.12708 0.01566 ( 1)
 447 *   0.76988 0.08809 0.12668 0.01535 ( 1)
 448 -   0.77096 0.08706 0.12680 0.01517 ( 1)
 449 -   0.77038 0.08688 0.12753 0.01520 ( 1)
 450 -   0.77028 0.08698 0.12751 0.01522 ( 1)
 451 -   0.76991 0.08735 0.12745 0.01529 ( 1)
 452 -   0.76916 0.08810 0.12732 0.01542 ( 1)
 453 -   0.76901 0.08900 0.12648 0.01551 ( 1)
 454 -   0.76847 0.08974 0.12617 0.01562 ( 1)
 455 E   0.76931 0.08911 0.12608 0.01549 ( 1)
 456 -   0.77082 0.08799 0.12593 0.01526 ( 1)
 457 -   0.76979 0.08876 0.12603 0.01542 ( 1)
 458 -   0.77143 0.08753 0.12587 0.01517 ( 1)
 459 -   0.76902 0.08934 0.12611 0.01554 ( 1)
 460 -   0.76902 0.08934 0.12611 0.01554 ( 1)
 461 -   0.77008 0.08854 0.12601 0.01537 ( 1)
 462 -   0.77178 0.08697 0.12615 0.01509 ( 1)
 463 -   0.77284 0.08614 0.12609 0.01493 ( 1)
 464 -   0.77276 0.08620 0.12610 0.01494 ( 1)
 465 -   0.76912 0.08933 0.12602 0.01553 ( 1)
 466 *   0.76633 0.09144 0.12627 0.01596 ( 1)
 467 *   0.76906 0.08912 0.12631 0.01551 ( 1)
 468 V   0.77203 0.08677 0.12614 0.01505 ( 1)
 469 V   0.77199 0.08681 0.12614 0.01506 ( 1)
 470 Q   0.76978 0.08855 0.12627 0.01540 ( 1)
 471 L   0.77109 0.08752 0.12620 0.01520 ( 1)
 472 L   0.76871 0.08939 0.12633 0.01557 ( 1)
 473 D   0.77235 0.08663 0.12601 0.01501 ( 1)
 474 R   0.76677 0.09101 0.12635 0.01588 ( 1)
 475 S   0.77194 0.08684 0.12615 0.01507 ( 1)
 476 P   0.77054 0.08795 0.12623 0.01528 ( 1)
 477 K   0.77253 0.08639 0.12611 0.01497 ( 1)
 478 T   0.77146 0.08723 0.12617 0.01514 ( 1)
 479 V   0.77203 0.08677 0.12614 0.01505 ( 1)
 480 V   0.76940 0.08885 0.12629 0.01546 ( 1)
 481 V   0.77199 0.08681 0.12614 0.01506 ( 1)
 482 I   0.77276 0.08620 0.12610 0.01494 ( 1)
 483 R   0.76713 0.09065 0.12641 0.01582 ( 1)
 484 T   0.76905 0.08912 0.12631 0.01552 ( 1)
 485 A   0.77154 0.08716 0.12617 0.01513 ( 1)
 486 N   0.77284 0.08614 0.12609 0.01493 ( 1)
 487 *   0.43280 0.42555 0.06758 0.07407 ( 1)
 488 *   0.76837 0.08967 0.12634 0.01562 ( 1)
 489 -   0.77253 0.08638 0.12611 0.01497 ( 1)
 490 -   0.76871 0.08939 0.12633 0.01557 ( 1)
 491 -   0.77121 0.08744 0.12617 0.01518 ( 1)
 492 -   0.77033 0.08816 0.12619 0.01532 ( 1)
 493 -   0.77226 0.08666 0.12606 0.01502 ( 1)
 494 -   0.77177 0.08704 0.12610 0.01510 ( 1)
 495 -   0.77169 0.08710 0.12610 0.01511 ( 1)
 496 -   0.77092 0.08770 0.12615 0.01523 ( 1)
 497 -   0.77181 0.08701 0.12609 0.01509 ( 1)
 498 -   0.77248 0.08648 0.12605 0.01499 ( 1)
 499 -   0.77165 0.08706 0.12618 0.01511 ( 1)
 500 -   0.77163 0.08733 0.12590 0.01513 ( 1)
 501 -   0.76844 0.08967 0.12628 0.01562 ( 1)
 502 -   0.76974 0.08880 0.12604 0.01543 ( 1)
 503 -   0.77144 0.08753 0.12587 0.01517 ( 1)
 504 -   0.77091 0.08792 0.12592 0.01525 ( 1)
 505 -   0.76978 0.08855 0.12627 0.01540 ( 1)
 506 -   0.76871 0.08939 0.12633 0.01557 ( 1)
 507 -   0.77278 0.08619 0.12610 0.01494 ( 1)
 508 -   0.77153 0.08717 0.12617 0.01513 ( 1)
 509 -   0.77276 0.08620 0.12610 0.01494 ( 1)
 510 -   0.77115 0.08747 0.12619 0.01519 ( 1)
 511 -   0.76979 0.08856 0.12625 0.01540 ( 1)
 512 -   0.77253 0.08639 0.12611 0.01497 ( 1)
 513 -   0.77550 0.08405 0.12593 0.01452 ( 1)
 514 -   0.77207 0.08674 0.12614 0.01505 ( 1)
 515 -   0.76777 0.09014 0.12638 0.01572 ( 1)
 516 -   0.77128 0.08737 0.12618 0.01517 ( 1)
 517 -   0.77023 0.08703 0.12750 0.01523 ( 1)
 518 -   0.76778 0.08948 0.12708 0.01566 ( 1)
 519 -   0.77035 0.08691 0.12753 0.01521 ( 1)
 520 -   0.76941 0.08786 0.12736 0.01538 ( 1)
 521 -   0.76946 0.08780 0.12737 0.01537 ( 1)
 522 -   0.77038 0.08689 0.12753 0.01521 ( 1)
 523 -   0.77069 0.08658 0.12758 0.01515 ( 1)
 524 -   0.76968 0.08758 0.12741 0.01533 ( 1)
 525 -   0.76766 0.08961 0.12705 0.01568 ( 1)
 526 -   0.77046 0.08680 0.12754 0.01519 ( 1)
 527 -   0.77263 0.08463 0.12792 0.01481 ( 1)
 528 -   0.76967 0.08759 0.12741 0.01533 ( 1)
 529 -   0.76803 0.08923 0.12712 0.01562 ( 1)
 530 -   0.76961 0.08766 0.12740 0.01534 ( 1)
 531 -   0.76988 0.08738 0.12744 0.01529 ( 1)
 532 -   0.76919 0.08807 0.12732 0.01541 ( 1)
 533 -   0.76699 0.09027 0.12694 0.01580 ( 1)
 534 -   0.76895 0.08831 0.12728 0.01545 ( 1)
 535 -   0.76984 0.08742 0.12744 0.01530 ( 1)
 536 -   0.77073 0.08653 0.12759 0.01514 ( 1)
 537 -   0.76667 0.09059 0.12688 0.01585 ( 1)
 538 -   0.77014 0.08713 0.12749 0.01525 ( 1)
 539 -   0.76757 0.08970 0.12704 0.01570 ( 1)
 540 -   0.77042 0.08685 0.12754 0.01520 ( 1)
 541 -   0.76859 0.08868 0.12722 0.01552 ( 1)
 542 -   0.76987 0.08739 0.12744 0.01529 ( 1)
 543 -   0.77052 0.08675 0.12755 0.01518 ( 1)
 544 -   0.77026 0.08701 0.12751 0.01523 ( 1)
 545 -   0.77062 0.08665 0.12757 0.01516 ( 1)
 546 -   0.77092 0.08634 0.12762 0.01511 ( 1)
 547 -   0.76862 0.08865 0.12722 0.01551 ( 1)
 548 -   0.76468 0.09259 0.12653 0.01620 ( 1)
 549 -   0.76712 0.09014 0.12696 0.01578 ( 1)
 550 -   0.76959 0.08767 0.12739 0.01534 ( 1)
 551 -   0.77206 0.08595 0.12701 0.01498 ( 1)
 552 -   0.77034 0.08801 0.12635 0.01531 ( 1)
 553 -   0.76847 0.08974 0.12617 0.01562 ( 1)
 554 -   0.76942 0.08904 0.12607 0.01548 ( 1)
 555 -   0.77091 0.08792 0.12592 0.01525 ( 1)
 556 -   0.76991 0.08890 0.12577 0.01542 ( 1)
 557 *   0.76955 0.08894 0.12606 0.01545 ( 1)
 558 P   0.76952 0.08896 0.12606 0.01546 ( 1)
 559 L   0.76847 0.08974 0.12617 0.01562 ( 1)
 560 E   0.77124 0.08767 0.12589 0.01520 ( 1)
 561 T   0.77034 0.08835 0.12598 0.01533 ( 1)
 562 -   0.76497 0.09230 0.12658 0.01615 ( 1)

