

TREE # 1

  0  0.0000   2557.829012  x:  0.01533   0.00562   0.00635   0.00791   0.01100   0.00694   0.00927   0.00672   0.00541   0.00974   0.01144   0.00552   0.00784   0.01393   0.01143   0.00585   0.00966   0.01548   0.01050   0.00519   0.00000   0.01229   0.01241   0.00428   0.01212   0.01078   0.01139   3.00000   1.12886   0.03809   0.29120   2.64360  
  1 99.0000   2557.820984  x:  0.01533   0.00562   0.00635   0.00791   0.01099   0.00694   0.00927   0.00672   0.00541   0.00974   0.01144   0.00552   0.00784   0.01393   0.01143   0.00585   0.00966   0.01548   0.01050   0.00519   0.00000   0.01229   0.01241   0.00428   0.01212   0.01078   0.01139   3.00000   1.12886   0.03809   0.29120   2.64360  
  2 2317.4722   2521.004530  x:  0.01290   0.00123   0.00538   0.00353   0.00818   0.00256   0.00488   0.00234   0.00525   0.00536   0.00706   0.00113   0.00347   0.01069   0.00708   0.00546   0.00899   0.01543   0.01043   0.00539   0.00000   0.00989   0.01044   0.00000   0.00937   0.00671   0.00710   3.00001   1.12888   0.03807   0.29123   2.64360  
  3 28531.3737   2512.184910  x:  0.01229   0.00011   0.00515   0.00241   0.00748   0.00143   0.00376   0.00122   0.00520   0.00424   0.00594   0.00000   0.00235   0.00987   0.00596   0.00536   0.00882   0.01542   0.01041   0.00542   0.00000   0.00928   0.00995   0.00000   0.00867   0.00567   0.00600   3.00001   1.12889   0.03806   0.29124   2.64360  
  4 20936014.1360   2511.519670  x:  0.01223   0.00000   0.00508   0.00231   0.00754   0.00133   0.00366   0.00112   0.00518   0.00414   0.00584   0.00000   0.00225   0.00986   0.00586   0.00529   0.00875   0.01544   0.01043   0.00551   0.00000   0.00922   0.00989   0.00000   0.00868   0.00558   0.00590   3.00001   1.12888   0.03807   0.29120   2.64360  
  5 4143.0984   2504.626297  x:  0.01128   0.00000   0.00502   0.00119   0.00750   0.00020   0.00253   0.00000   0.00540   0.00303   0.00471   0.00000   0.00122   0.00981   0.00477   0.00546   0.00838   0.01531   0.01029   0.00532   0.00000   0.00858   0.00900   0.00000   0.00850   0.00454   0.00478   3.00000   1.12884   0.03811   0.29021   2.64359  
  6 3518.4952   2503.547114  x:  0.01118   0.00000   0.00500   0.00100   0.00743   0.00000   0.00233   0.00000   0.00538   0.00283   0.00451   0.00000   0.00105   0.00976   0.00459   0.00545   0.00838   0.01532   0.01030   0.00534   0.00000   0.00847   0.00895   0.00000   0.00844   0.00437   0.00459   3.00000   1.12884   0.03812   0.29003   2.64359  
  7 18184.1566   2498.572384  x:  0.01093   0.00000   0.00482   0.00000   0.00710   0.00000   0.00133   0.00000   0.00543   0.00185   0.00351   0.00000   0.00015   0.00941   0.00363   0.00538   0.00820   0.01529   0.01021   0.00537   0.00000   0.00790   0.00877   0.00000   0.00812   0.00346   0.00360   2.99999   1.12880   0.03815   0.28911   2.64359  
  8 82418.0117   2497.818798  x:  0.01091   0.00000   0.00483   0.00000   0.00708   0.00000   0.00116   0.00000   0.00541   0.00168   0.00334   0.00000   0.00000   0.00932   0.00347   0.00538   0.00817   0.01530   0.01025   0.00537   0.00000   0.00780   0.00869   0.00000   0.00806   0.00330   0.00344   2.99999   1.12879   0.03816   0.28896   2.64359  
  9 24557.6696   2493.322551  x:  0.01052   0.00000   0.00463   0.00000   0.00703   0.00000   0.00000   0.00000   0.00534   0.00052   0.00215   0.00000   0.00000   0.00878   0.00232   0.00538   0.00839   0.01529   0.01008   0.00544   0.00000   0.00714   0.00836   0.00000   0.00788   0.00225   0.00227   2.99998   1.12876   0.03819   0.28811   2.64359  
 10 11831.4167   2491.657738  x:  0.01030   0.00000   0.00461   0.00000   0.00691   0.00000   0.00000   0.00000   0.00535   0.00000   0.00163   0.00000   0.00000   0.00868   0.00182   0.00533   0.00833   0.01528   0.01010   0.00544   0.00000   0.00685   0.00833   0.00000   0.00780   0.00178   0.00175   2.99998   1.12875   0.03821   0.28777   2.64359  
 11 20845.9849   2487.572146  x:  0.01016   0.00000   0.00440   0.00000   0.00637   0.00000   0.00000   0.00000   0.00511   0.00000   0.00000   0.00000   0.00000   0.00898   0.00023   0.00556   0.00817   0.01530   0.01001   0.00561   0.00000   0.00594   0.00792   0.00000   0.00743   0.00033   0.00015   2.99997   1.12871   0.03824   0.28682   2.64359  
 12 11399.2528   2487.284129  x:  0.01016   0.00000   0.00440   0.00000   0.00635   0.00000   0.00000   0.00000   0.00514   0.00000   0.00000   0.00000   0.00000   0.00900   0.00008   0.00551   0.00819   0.01530   0.01002   0.00560   0.00000   0.00586   0.00788   0.00000   0.00738   0.00020   0.00000   2.99997   1.12871   0.03824   0.28675   2.64359  
 13 3523.4559   2487.170963  x:  0.01015   0.00000   0.00439   0.00000   0.00635   0.00000   0.00000   0.00000   0.00514   0.00000   0.00000   0.00000   0.00000   0.00899   0.00000   0.00551   0.00819   0.01530   0.01002   0.00560   0.00000   0.00581   0.00788   0.00000   0.00736   0.00012   0.00000   2.99997   1.12871   0.03825   0.28672   2.64359  
 14 4137.7886   2487.067624  x:  0.01014   0.00000   0.00439   0.00000   0.00633   0.00000   0.00000   0.00000   0.00513   0.00000   0.00000   0.00000   0.00000   0.00897   0.00000   0.00551   0.00818   0.01530   0.01001   0.00560   0.00000   0.00574   0.00786   0.00000   0.00737   0.00000   0.00000   2.99997   1.12871   0.03825   0.28668   2.64359  
 15 9998.5805   2484.847471  x:  0.00998   0.00000   0.00246   0.00000   0.00545   0.00000   0.00000   0.00000   0.00607   0.00000   0.00000   0.00000   0.00000   0.00822   0.00000   0.00589   0.00854   0.01518   0.01159   0.00504   0.00000   0.00000   0.00731   0.00000   0.00845   0.00000   0.00000   2.99997   1.12867   0.03829   0.28471   2.64359  
 16 938.9018   2482.606253  x:  0.00808   0.00000   0.00207   0.00000   0.00487   0.00000   0.00000   0.00000   0.00466   0.00000   0.00000   0.00000   0.00000   0.00733   0.00000   0.00508   0.00805   0.00770   0.01207   0.00665   0.00000   0.00000   0.00665   0.00000   0.00472   0.00000   0.00000   3.00100   1.13082   0.03631   0.27806   2.64344  
 17 15.9912   2480.118226  x:  0.00621   0.00000   0.00164   0.00000   0.00449   0.00000   0.00000   0.00000   0.00398   0.00000   0.00000   0.00000   0.00000   0.00653   0.00000   0.00469   0.00742   0.00899   0.01160   0.00603   0.00000   0.00000   0.00596   0.00000   0.00098   0.00000   0.00000   3.00199   1.13287   0.03441   0.27168   2.64330  
 18 389.6122   2476.906018  x:  0.00515   0.00000   0.00135   0.00000   0.00489   0.00000   0.00000   0.00000   0.00084   0.00000   0.00000   0.00000   0.00000   0.00338   0.00000   0.00257   0.00691   0.00952   0.01107   0.00289   0.00000   0.00000   0.00542   0.00000   0.00152   0.00000   0.00000   3.00847   1.14668   0.02175   0.24211   2.64241  
 19  8.1500   2476.077421  x:  0.00559   0.00000   0.00138   0.00000   0.00460   0.00000   0.00000   0.00000   0.00127   0.00000   0.00000   0.00000   0.00000   0.00125   0.00000   0.00219   0.00611   0.00955   0.01068   0.00264   0.00000   0.00000   0.00561   0.00000   0.00154   0.00000   0.00000   3.01193   1.15467   0.01468   0.21433   2.64188  
 20 16.6434   2474.516847  x:  0.00224   0.00000   0.00174   0.00000   0.00294   0.00000   0.00000   0.00000   0.00175   0.00000   0.00000   0.00000   0.00000   0.00169   0.00000   0.00153   0.00526   0.00993   0.01078   0.00215   0.00000   0.00000   0.00555   0.00000   0.00189   0.00000   0.00000   3.02088   1.17565  -0.00381   0.13547   2.64047  
 21 34.2134   2473.545676  x:  0.00322   0.00000   0.00181   0.00000   0.00116   0.00000   0.00000   0.00000   0.00180   0.00000   0.00000   0.00000   0.00000   0.00202   0.00000   0.00114   0.00407   0.01001   0.01039   0.00170   0.00000   0.00000   0.00548   0.00000   0.00190   0.00000   0.00000   3.02939   1.19647  -0.02205   0.05351   2.63904  
 22 26.9002   2472.885414  x:  0.00318   0.00000   0.00191   0.00000   0.00123   0.00000   0.00000   0.00000   0.00179   0.00000   0.00000   0.00000   0.00000   0.00196   0.00000   0.00146   0.00390   0.01009   0.01040   0.00172   0.00000   0.00000   0.00461   0.00000   0.00194   0.00000   0.00000   3.03462   1.20974  -0.03351   0.00000   2.63809  
 23 35.6016   2472.689941  x:  0.00330   0.00000   0.00162   0.00000   0.00167   0.00000   0.00000   0.00000   0.00193   0.00000   0.00000   0.00000   0.00000   0.00208   0.00000   0.00108   0.00452   0.01029   0.00937   0.00187   0.00000   0.00000   0.00391   0.00000   0.00202   0.00000   0.00000   3.05189   1.24584  -0.06004   0.00000   2.63314  
 24  2.3851   2472.630699  x:  0.00317   0.00000   0.00163   0.00000   0.00142   0.00000   0.00000   0.00000   0.00187   0.00000   0.00000   0.00000   0.00000   0.00195   0.00000   0.00115   0.00532   0.01038   0.00923   0.00218   0.00000   0.00000   0.00394   0.00000   0.00203   0.00000   0.00000   3.05964   1.26086  -0.07014   0.00000   2.63066  
 25  4.0410   2472.541593  x:  0.00318   0.00000   0.00149   0.00000   0.00160   0.00000   0.00000   0.00000   0.00193   0.00000   0.00000   0.00000   0.00000   0.00198   0.00000   0.00135   0.00573   0.01052   0.00878   0.00178   0.00000   0.00000   0.00465   0.00000   0.00204   0.00000   0.00000   3.08533   1.30290  -0.09313   0.00000   2.62124  
 26  1.8149   2472.417033  x:  0.00327   0.00000   0.00174   0.00000   0.00190   0.00000   0.00000   0.00000   0.00181   0.00000   0.00000   0.00000   0.00000   0.00187   0.00000   0.00127   0.00564   0.01097   0.00987   0.00219   0.00000   0.00000   0.00522   0.00000   0.00200   0.00000   0.00000   3.14368   1.37927  -0.11911   0.00000   2.59646  
 27  1.7080   2471.829834  x:  0.00382   0.00000   0.00139   0.00000   0.00189   0.00000   0.00000   0.00000   0.00185   0.00000   0.00000   0.00000   0.00000   0.00193   0.00000   0.00190   0.00427   0.01403   0.00835   0.00263   0.00000   0.00000   0.00411   0.00000   0.00222   0.00000   0.00000   3.49804   1.59193   0.06607   0.00000   2.40385  
 28  1.1400   2471.684107  x:  0.00408   0.00000   0.00180   0.00000   0.00189   0.00000   0.00000   0.00000   0.00186   0.00000   0.00000   0.00000   0.00000   0.00190   0.00000   0.00200   0.00492   0.01465   0.00895   0.00204   0.00000   0.00000   0.00338   0.00000   0.00216   0.00000   0.00000   3.58645   1.64566   0.11578   0.00000   2.35351  
 29  5.2740   2471.621147  x:  0.00398   0.00000   0.00178   0.00000   0.00166   0.00000   0.00000   0.00000   0.00180   0.00000   0.00000   0.00000   0.00000   0.00183   0.00000   0.00188   0.00472   0.01457   0.00888   0.00184   0.00000   0.00000   0.00345   0.00000   0.00201   0.00000   0.00000   3.68709   1.79934   0.12760   0.00000   2.26835  
 30  0.5229   2471.539323  x:  0.00387   0.00000   0.00175   0.00000   0.00140   0.00000   0.00000   0.00000   0.00173   0.00000   0.00000   0.00000   0.00000   0.00175   0.00000   0.00175   0.00448   0.01448   0.00880   0.00160   0.00000   0.00000   0.00354   0.00000   0.00184   0.00000   0.00000   3.81157   1.98627   0.14597   0.04227   2.16264  
 31 21.5914   2471.295792  x:  0.00354   0.00000   0.00184   0.00000   0.00182   0.00000   0.00000   0.00000   0.00166   0.00000   0.00000   0.00000   0.00000   0.00163   0.00000   0.00221   0.00468   0.01384   0.00914   0.00202   0.00000   0.00000   0.00403   0.00000   0.00149   0.00000   0.00000   4.31013   2.61455   0.50809   0.08625   1.64359  
 32  0.9274   2471.202984  x:  0.00371   0.00000   0.00173   0.00000   0.00171   0.00000   0.00000   0.00000   0.00196   0.00000   0.00000   0.00000   0.00000   0.00198   0.00000   0.00231   0.00481   0.01364   0.00954   0.00206   0.00000   0.00000   0.00391   0.00000   0.00192   0.00000   0.00000   4.46587   2.95725   0.65358   0.10810   1.37097  
 33  0.6649   2471.134613  x:  0.00374   0.00000   0.00195   0.00000   0.00181   0.00000   0.00000   0.00000   0.00186   0.00000   0.00000   0.00000   0.00000   0.00181   0.00000   0.00237   0.00482   0.01356   0.00860   0.00207   0.00000   0.00000   0.00352   0.00000   0.00213   0.00000   0.00000   4.49581   3.23854   0.81928   0.10542   1.09844  
 34  0.4237   2471.110027  x:  0.00372   0.00000   0.00187   0.00000   0.00182   0.00000   0.00000   0.00000   0.00183   0.00000   0.00000   0.00000   0.00000   0.00177   0.00000   0.00237   0.00485   0.01357   0.00882   0.00203   0.00000   0.00000   0.00345   0.00000   0.00212   0.00000   0.00000   4.48056   3.34339   0.86419   0.10650   1.00000  
 35  0.4090   2471.026683  x:  0.00385   0.00000   0.00169   0.00000   0.00172   0.00000   0.00000   0.00000   0.00173   0.00000   0.00000   0.00000   0.00000   0.00189   0.00000   0.00210   0.00489   0.01343   0.00936   0.00189   0.00000   0.00000   0.00374   0.00000   0.00181   0.00000   0.00000   4.19676   4.24573   1.15117   0.13254   1.00000  
 36  0.6100   2470.982364  x:  0.00377   0.00000   0.00182   0.00000   0.00185   0.00000   0.00000   0.00000   0.00178   0.00000   0.00000   0.00000   0.00000   0.00178   0.00000   0.00211   0.00482   0.01368   0.00910   0.00209   0.00000   0.00000   0.00366   0.00000   0.00200   0.00000   0.00000   3.93189   4.98476   1.49139   0.13034   1.00000  
 37  0.4099   2470.971157  x:  0.00375   0.00000   0.00183   0.00000   0.00185   0.00000   0.00000   0.00000   0.00179   0.00000   0.00000   0.00000   0.00000   0.00177   0.00000   0.00211   0.00481   0.01370   0.00902   0.00211   0.00000   0.00000   0.00361   0.00000   0.00201   0.00000   0.00000   3.89534   5.37644   1.64002   0.14419   1.00000  
 38  0.9743   2470.959583  x:  0.00381   0.00000   0.00185   0.00000   0.00185   0.00000   0.00000   0.00000   0.00187   0.00000   0.00000   0.00000   0.00000   0.00191   0.00000   0.00224   0.00496   0.01368   0.00899   0.00206   0.00000   0.00000   0.00361   0.00000   0.00191   0.00000   0.00000   3.93216   5.98862   1.92673   0.14990   1.00000  
 39  0.3615   2470.946227  x:  0.00373   0.00000   0.00177   0.00000   0.00180   0.00000   0.00000   0.00000   0.00179   0.00000   0.00000   0.00000   0.00000   0.00176   0.00000   0.00233   0.00485   0.01365   0.00907   0.00203   0.00000   0.00000   0.00372   0.00000   0.00195   0.00000   0.00000   3.99785   6.92678   2.37056   0.15263   1.00000  
 40  0.3481   2470.939057  x:  0.00378   0.00000   0.00182   0.00000   0.00177   0.00000   0.00000   0.00000   0.00181   0.00000   0.00000   0.00000   0.00000   0.00185   0.00000   0.00227   0.00475   0.01361   0.00898   0.00207   0.00000   0.00000   0.00357   0.00000   0.00193   0.00000   0.00000   3.97000   7.92292   2.81947   0.15638   1.00000  
 41  0.4584   2470.933192  x:  0.00379   0.00000   0.00185   0.00000   0.00181   0.00000   0.00000   0.00000   0.00181   0.00000   0.00000   0.00000   0.00000   0.00183   0.00000   0.00220   0.00493   0.01364   0.00904   0.00203   0.00000   0.00000   0.00368   0.00000   0.00197   0.00000   0.00000   3.98790   9.13685   3.38654   0.15585   1.00000  
 42  0.5318   2470.931005  x:  0.00376   0.00000   0.00180   0.00000   0.00181   0.00000   0.00000   0.00000   0.00181   0.00000   0.00000   0.00000   0.00000   0.00181   0.00000   0.00218   0.00488   0.01364   0.00905   0.00206   0.00000   0.00000   0.00365   0.00000   0.00196   0.00000   0.00000   4.00584  10.18971   3.87062   0.15977   1.00000  
 43  0.8215   2470.930148  x:  0.00375   0.00000   0.00179   0.00000   0.00181   0.00000   0.00000   0.00000   0.00181   0.00000   0.00000   0.00000   0.00000   0.00182   0.00000   0.00218   0.00483   0.01364   0.00904   0.00207   0.00000   0.00000   0.00362   0.00000   0.00194   0.00000   0.00000   4.02669  10.70839   4.11974   0.15802   1.00000  
 44  0.5463   2470.929148  x:  0.00378   0.00000   0.00183   0.00000   0.00182   0.00000   0.00000   0.00000   0.00182   0.00000   0.00000   0.00000   0.00000   0.00182   0.00000   0.00218   0.00485   0.01366   0.00901   0.00205   0.00000   0.00000   0.00365   0.00000   0.00195   0.00000   0.00000   4.02924  12.34594   4.88323   0.15954   1.00000  
 45  0.6920   2470.928473  x:  0.00376   0.00000   0.00180   0.00000   0.00181   0.00000   0.00000   0.00000   0.00181   0.00000   0.00000   0.00000   0.00000   0.00181   0.00000   0.00220   0.00487   0.01364   0.00903   0.00206   0.00000   0.00000   0.00364   0.00000   0.00195   0.00000   0.00000   4.00387  13.95148   5.63496   0.15861   1.00000  
 46  0.6524   2470.928281  x:  0.00377   0.00000   0.00182   0.00000   0.00181   0.00000   0.00000   0.00000   0.00181   0.00000   0.00000   0.00000   0.00000   0.00182   0.00000   0.00221   0.00484   0.01364   0.00904   0.00205   0.00000   0.00000   0.00364   0.00000   0.00195   0.00000   0.00000   4.00116  15.35407   6.29053   0.15914   1.00000  
 47  0.7373   2470.928176  x:  0.00376   0.00000   0.00181   0.00000   0.00181   0.00000   0.00000   0.00000   0.00181   0.00000   0.00000   0.00000   0.00000   0.00182   0.00000   0.00220   0.00487   0.01364   0.00902   0.00206   0.00000   0.00000   0.00364   0.00000   0.00195   0.00000   0.00000   4.00340  17.15440   7.13425   0.15872   1.00000  
 48  0.5952   2470.928133  x:  0.00377   0.00000   0.00181   0.00000   0.00181   0.00000   0.00000   0.00000   0.00181   0.00000   0.00000   0.00000   0.00000   0.00182   0.00000   0.00220   0.00485   0.01364   0.00903   0.00206   0.00000   0.00000   0.00364   0.00000   0.00195   0.00000   0.00000   4.00591  18.68943   7.85166   0.15912   1.00000  
 49  0.7824   2470.928116  x:  0.00377   0.00000   0.00181   0.00000   0.00181   0.00000   0.00000   0.00000   0.00181   0.00000   0.00000   0.00000   0.00000   0.00182   0.00000   0.00220   0.00486   0.01364   0.00903   0.00206   0.00000   0.00000   0.00364   0.00000   0.00195   0.00000   0.00000   4.00631  20.44652   8.67469   0.15884   1.00000  
 50  0.6794   2470.928109  x:  0.00377   0.00000   0.00181   0.00000   0.00181   0.00000   0.00000   0.00000   0.00181   0.00000   0.00000   0.00000   0.00000   0.00182   0.00000   0.00220   0.00486   0.01364   0.00903   0.00206   0.00000   0.00000   0.00364   0.00000   0.00195   0.00000   0.00000   4.00569  21.93097   9.36891   0.15906   1.00000  
 51  0.7241   2470.928106  x:  0.00377   0.00000   0.00181   0.00000   0.00181   0.00000   0.00000   0.00000   0.00181   0.00000   0.00000   0.00000   0.00000   0.00182   0.00000   0.00220   0.00486   0.01364   0.00903   0.00206   0.00000   0.00000   0.00364   0.00000   0.00195   0.00000   0.00000   4.00528  23.51373  10.11002   0.15893   1.00000  
 52  0.7023   2470.928104  x:  0.00377   0.00000   0.00181   0.00000   0.00181   0.00000   0.00000   0.00000   0.00181   0.00000   0.00000   0.00000   0.00000   0.00182   0.00000   0.00220   0.00486   0.01364   0.00903   0.00206   0.00000   0.00000   0.00364   0.00000   0.00195   0.00000   0.00000   4.00537  25.76619  11.16398   0.15902   1.00000  
 53  0.8082   2470.928104  x:  0.00377   0.00000   0.00181   0.00000   0.00181   0.00000   0.00000   0.00000   0.00181   0.00000   0.00000   0.00000   0.00000   0.00182   0.00000   0.00220   0.00486   0.01364   0.00903   0.00206   0.00000   0.00000   0.00364   0.00000   0.00195   0.00000   0.00000   4.00547  26.45851  11.48811   0.15898   1.00000  
 54  0.5492   2470.928104  x:  0.00377   0.00000   0.00181   0.00000   0.00181   0.00000   0.00000   0.00000   0.00181   0.00000   0.00000   0.00000   0.00000   0.00182   0.00000   0.00220   0.00486   0.01364   0.00903   0.00206   0.00000   0.00000   0.00364   0.00000   0.00195   0.00000   0.00000   4.00561  29.22793  12.78432   0.15896   1.00000  
 55  0.8775   2470.928104  x:  0.00377   0.00000   0.00181   0.00000   0.00181   0.00000   0.00000   0.00000   0.00181   0.00000   0.00000   0.00000   0.00000   0.00182   0.00000   0.00220   0.00486   0.01364   0.00903   0.00206   0.00000   0.00000   0.00364   0.00000   0.00195   0.00000   0.00000   4.00547  30.59220  13.42274   0.15899   1.00000  
 56  0.6460   2470.928104  x:  0.00377   0.00000   0.00181   0.00000   0.00181   0.00000   0.00000   0.00000   0.00181   0.00000   0.00000   0.00000   0.00000   0.00182   0.00000   0.00220   0.00486   0.01364   0.00903   0.00206   0.00000   0.00000   0.00364   0.00000   0.00195   0.00000   0.00000   4.00548  30.70010  13.47325   0.15898   1.00000  
 57  0.2456   2470.928104  x:  0.00377   0.00000   0.00181   0.00000   0.00181   0.00000   0.00000   0.00000   0.00181   0.00000   0.00000   0.00000   0.00000   0.00182   0.00000   0.00220   0.00486   0.01364   0.00903   0.00206   0.00000   0.00000   0.00364   0.00000   0.00195   0.00000   0.00000   4.00548  30.90249  13.56798   0.15898   1.00000  
 58  0.6464   2470.928104  x:  0.00377   0.00000   0.00181   0.00000   0.00181   0.00000   0.00000   0.00000   0.00181   0.00000   0.00000   0.00000   0.00000   0.00182   0.00000   0.00220   0.00486   0.01364   0.00903   0.00206   0.00000   0.00000   0.00364   0.00000   0.00195   0.00000   0.00000   4.00549  31.31795  13.76244   0.15898   1.00000  
 59  3.4751   2470.928104  x:  0.00377   0.00000   0.00181   0.00000   0.00181   0.00000   0.00000   0.00000   0.00181   0.00000   0.00000   0.00000   0.00000   0.00182   0.00000   0.00220   0.00486   0.01364   0.00903   0.00206   0.00000   0.00000   0.00364   0.00000   0.00195   0.00000   0.00000   4.00552  34.08175  15.05600   0.15896   1.00000  
 60  6.7131   2470.928103  x:  0.00377   0.00000   0.00181   0.00000   0.00181   0.00000   0.00000   0.00000   0.00181   0.00000   0.00000   0.00000   0.00000   0.00182   0.00000   0.00220   0.00486   0.01364   0.00903   0.00206   0.00000   0.00000   0.00364   0.00000   0.00195   0.00000   0.00000   4.00549  33.71204  14.88288   0.15898   1.00000  
 61  0.1051   2470.928103  x:  0.00377   0.00000   0.00181   0.00000   0.00181   0.00000   0.00000   0.00000   0.00181   0.00000   0.00000   0.00000   0.00000   0.00182   0.00000   0.00220   0.00486   0.01364   0.00903   0.00206   0.00000   0.00000   0.00364   0.00000   0.00195   0.00000   0.00000   4.00550  33.98126  15.00890   0.15898   1.00000  
 62  0.3537   2470.928103  x:  0.00377   0.00000   0.00181   0.00000   0.00181   0.00000   0.00000   0.00000   0.00181   0.00000   0.00000   0.00000   0.00000   0.00182   0.00000   0.00220   0.00486   0.01364   0.00903   0.00206   0.00000   0.00000   0.00364   0.00000   0.00195   0.00000   0.00000   4.00550  33.98119  15.00887   0.15898   1.00000  
 63  0.4608   2470.928103  x:  0.00377   0.00000   0.00181   0.00000   0.00181   0.00000   0.00000   0.00000   0.00181   0.00000   0.00000   0.00000   0.00000   0.00182   0.00000   0.00220   0.00486   0.01364   0.00903   0.00206   0.00000   0.00000   0.00364   0.00000   0.00195   0.00000   0.00000   4.00550  33.98119  15.00887   0.15898   1.00000  
 64  0.0019   2470.928103  x:  0.00377   0.00000   0.00181   0.00000   0.00181   0.00000   0.00000   0.00000   0.00181   0.00000   0.00000   0.00000   0.00000   0.00182   0.00000   0.00220   0.00486   0.01364   0.00903   0.00206   0.00000   0.00000   0.00364   0.00000   0.00195   0.00000   0.00000   4.00548  33.97729  15.00700   0.15899   1.00000  
 65 95.8028   2470.928103  x:  0.00377   0.00000   0.00181   0.00000   0.00181   0.00000   0.00000   0.00000   0.00181   0.00000   0.00000   0.00000   0.00000   0.00182   0.00000   0.00220   0.00486   0.01364   0.00903   0.00206   0.00000   0.00000   0.00364   0.00000   0.00195   0.00000   0.00000   4.00545  33.98218  15.00929   0.15899   1.00000  
 66  0.0294   2470.928103  x:  0.00377   0.00000   0.00181   0.00000   0.00181   0.00000   0.00000   0.00000   0.00181   0.00000   0.00000   0.00000   0.00000   0.00182   0.00000   0.00220   0.00486   0.01364   0.00903   0.00206   0.00000   0.00000   0.00364   0.00000   0.00195   0.00000   0.00000   4.00516  34.01798  15.02602   0.15898   1.00000  
 67  0.0049   2470.928103  x:  0.00377   0.00000   0.00181   0.00000   0.00181   0.00000   0.00000   0.00000   0.00181   0.00000   0.00000   0.00000   0.00000   0.00182   0.00000   0.00220   0.00486   0.01364   0.00903   0.00206   0.00000   0.00000   0.00364   0.00000   0.00195   0.00000   0.00000   4.00516  34.01798  15.02602   0.15898   1.00000  
 68  0.0309   2470.928103  x:  0.00377   0.00000   0.00181   0.00000   0.00181   0.00000   0.00000   0.00000   0.00181   0.00000   0.00000   0.00000   0.00000   0.00182   0.00000   0.00220   0.00486   0.01364   0.00903   0.00206   0.00000   0.00000   0.00364   0.00000   0.00195   0.00000   0.00000   4.00516  34.01798  15.02602   0.15898   1.00000  
 69  0.0186   2470.928103  x:  0.00377   0.00000   0.00181   0.00000   0.00181   0.00000   0.00000   0.00000   0.00181   0.00000   0.00000   0.00000   0.00000   0.00182   0.00000   0.00220   0.00486   0.01364   0.00903   0.00206   0.00000   0.00000   0.00364   0.00000   0.00195   0.00000   0.00000   4.00516  34.01798  15.02602   0.15898   1.00000  
 70  0.0002   2470.928103  x:  0.00377   0.00000   0.00181   0.00000   0.00181   0.00000   0.00000   0.00000   0.00181   0.00000   0.00000   0.00000   0.00000   0.00182   0.00000   0.00220   0.00486   0.01364   0.00903   0.00206   0.00000   0.00000   0.00364   0.00000   0.00195   0.00000   0.00000   4.00516  34.01798  15.02602   0.15898   1.00000  
check convergence!
